Method: h4

Number of moves in path: 364

Total Number of iterations performed to reach path: 15535

Time elapsed: 1.31 minutes

[[11  5  2  1]
 [14  8 10  0]
 [15  4 13  6]
 [ 9 12  3  7]]

[[11  5  2  1]
 [14  8  0 10]
 [15  4 13  6]
 [ 9 12  3  7]]

[[11  5  2  1]
 [14  8 13 10]
 [15  4  0  6]
 [ 9 12  3  7]]

[[11  5  2  1]
 [14  8 13 10]
 [15  4  6  0]
 [ 9 12  3  7]]

[[11  5  2  1]
 [14  8 13 10]
 [15  4  6  7]
 [ 9 12  3  0]]

[[11  5  2  1]
 [14  8 13 10]
 [15  4  6  7]
 [ 9 12  0  3]]

[[11  5  2  1]
 [14  8 13 10]
 [15  4  6  7]
 [ 9  0 12  3]]

[[11  5  2  1]
 [14  8 13 10]
 [15  0  6  7]
 [ 9  4 12  3]]

[[11  5  2  1]
 [14  8 13 10]
 [15  6  0  7]
 [ 9  4 12  3]]

[[11  5  2  1]
 [14  8 13 10]
 [15  6 12  7]
 [ 9  4  0  3]]

[[11  5  2  1]
 [14  8 13 10]
 [15  6 12  7]
 [ 9  4  3  0]]

[[11  5  2  1]
 [14  8 13 10]
 [15  6 12  0]
 [ 9  4  3  7]]

[[11  5  2  1]
 [14  8 13 10]
 [15  6  0 12]
 [ 9  4  3  7]]

[[11  5  2  1]
 [14  8  0 10]
 [15  6 13 12]
 [ 9  4  3  7]]

[[11  5  2  1]
 [14  8 10  0]
 [15  6 13 12]
 [ 9  4  3  7]]

[[11  5  2  1]
 [14  8 10 12]
 [15  6 13  0]
 [ 9  4  3  7]]

[[11  5  2  1]
 [14  8 10 12]
 [15  6 13  7]
 [ 9  4  3  0]]

[[11  5  2  1]
 [14  8 10 12]
 [15  6 13  7]
 [ 9  4  0  3]]

[[11  5  2  1]
 [14  8 10 12]
 [15  6 13  7]
 [ 9  0  4  3]]

[[11  5  2  1]
 [14  8 10 12]
 [15  0 13  7]
 [ 9  6  4  3]]

[[11  5  2  1]
 [14  8 10 12]
 [15 13  0  7]
 [ 9  6  4  3]]

[[11  5  2  1]
 [14  8 10 12]
 [15 13  4  7]
 [ 9  6  0  3]]

[[11  5  2  1]
 [14  8 10 12]
 [15 13  4  7]
 [ 9  6  3  0]]

[[11  5  2  1]
 [14  8 10 12]
 [15 13  4  0]
 [ 9  6  3  7]]

[[11  5  2  1]
 [14  8 10 12]
 [15 13  0  4]
 [ 9  6  3  7]]

[[11  5  2  1]
 [14  8 10 12]
 [15  0 13  4]
 [ 9  6  3  7]]

[[11  5  2  1]
 [14  8 10 12]
 [15  6 13  4]
 [ 9  0  3  7]]

[[11  5  2  1]
 [14  8 10 12]
 [15  6 13  4]
 [ 9  3  0  7]]

[[11  5  2  1]
 [14  8 10 12]
 [15  6  0  4]
 [ 9  3 13  7]]

[[11  5  2  1]
 [14  8  0 12]
 [15  6 10  4]
 [ 9  3 13  7]]

[[11  5  0  1]
 [14  8  2 12]
 [15  6 10  4]
 [ 9  3 13  7]]

[[11  5  1  0]
 [14  8  2 12]
 [15  6 10  4]
 [ 9  3 13  7]]

[[11  5  1 12]
 [14  8  2  0]
 [15  6 10  4]
 [ 9  3 13  7]]

[[11  5  1 12]
 [14  8  0  2]
 [15  6 10  4]
 [ 9  3 13  7]]

[[11  5  1 12]
 [14  8 10  2]
 [15  6  0  4]
 [ 9  3 13  7]]

[[11  5  1 12]
 [14  8 10  2]
 [15  6 13  4]
 [ 9  3  0  7]]

[[11  5  1 12]
 [14  8 10  2]
 [15  6 13  4]
 [ 9  3  7  0]]

[[11  5  1 12]
 [14  8 10  2]
 [15  6 13  0]
 [ 9  3  7  4]]

[[11  5  1 12]
 [14  8 10  0]
 [15  6 13  2]
 [ 9  3  7  4]]

[[11  5  1 12]
 [14  8  0 10]
 [15  6 13  2]
 [ 9  3  7  4]]

[[11  5  1 12]
 [14  8 13 10]
 [15  6  0  2]
 [ 9  3  7  4]]

[[11  5  1 12]
 [14  8 13 10]
 [15  6  2  0]
 [ 9  3  7  4]]

[[11  5  1 12]
 [14  8 13 10]
 [15  6  2  4]
 [ 9  3  7  0]]

[[11  5  1 12]
 [14  8 13 10]
 [15  6  2  4]
 [ 9  3  0  7]]

[[11  5  1 12]
 [14  8 13 10]
 [15  6  0  4]
 [ 9  3  2  7]]

[[11  5  1 12]
 [14  8  0 10]
 [15  6 13  4]
 [ 9  3  2  7]]

[[11  5  1 12]
 [14  0  8 10]
 [15  6 13  4]
 [ 9  3  2  7]]

[[11  5  1 12]
 [ 0 14  8 10]
 [15  6 13  4]
 [ 9  3  2  7]]

[[11  5  1 12]
 [15 14  8 10]
 [ 0  6 13  4]
 [ 9  3  2  7]]

[[11  5  1 12]
 [15 14  8 10]
 [ 9  6 13  4]
 [ 0  3  2  7]]

[[11  5  1 12]
 [15 14  8 10]
 [ 9  6 13  4]
 [ 3  0  2  7]]

[[11  5  1 12]
 [15 14  8 10]
 [ 9  6 13  4]
 [ 3  2  0  7]]

[[11  5  1 12]
 [15 14  8 10]
 [ 9  6 13  4]
 [ 3  2  7  0]]

[[11  5  1 12]
 [15 14  8 10]
 [ 9  6 13  0]
 [ 3  2  7  4]]

[[11  5  1 12]
 [15 14  8  0]
 [ 9  6 13 10]
 [ 3  2  7  4]]

[[11  5  1 12]
 [15 14  0  8]
 [ 9  6 13 10]
 [ 3  2  7  4]]

[[11  5  1 12]
 [15 14 13  8]
 [ 9  6  0 10]
 [ 3  2  7  4]]

[[11  5  1 12]
 [15 14 13  8]
 [ 9  6 10  0]
 [ 3  2  7  4]]

[[11  5  1 12]
 [15 14 13  8]
 [ 9  6 10  4]
 [ 3  2  7  0]]

[[11  5  1 12]
 [15 14 13  8]
 [ 9  6 10  4]
 [ 3  2  0  7]]

[[11  5  1 12]
 [15 14 13  8]
 [ 9  6  0  4]
 [ 3  2 10  7]]

[[11  5  1 12]
 [15 14  0  8]
 [ 9  6 13  4]
 [ 3  2 10  7]]

[[11  5  0 12]
 [15 14  1  8]
 [ 9  6 13  4]
 [ 3  2 10  7]]

[[11  0  5 12]
 [15 14  1  8]
 [ 9  6 13  4]
 [ 3  2 10  7]]

[[11 14  5 12]
 [15  0  1  8]
 [ 9  6 13  4]
 [ 3  2 10  7]]

[[11 14  5 12]
 [15  1  0  8]
 [ 9  6 13  4]
 [ 3  2 10  7]]

[[11 14  5 12]
 [15  1 13  8]
 [ 9  6  0  4]
 [ 3  2 10  7]]

[[11 14  5 12]
 [15  1 13  8]
 [ 9  0  6  4]
 [ 3  2 10  7]]

[[11 14  5 12]
 [15  0 13  8]
 [ 9  1  6  4]
 [ 3  2 10  7]]

[[11 14  5 12]
 [15 13  0  8]
 [ 9  1  6  4]
 [ 3  2 10  7]]

[[11 14  5 12]
 [15 13  6  8]
 [ 9  1  0  4]
 [ 3  2 10  7]]

[[11 14  5 12]
 [15 13  6  8]
 [ 9  0  1  4]
 [ 3  2 10  7]]

[[11 14  5 12]
 [15 13  6  8]
 [ 9  2  1  4]
 [ 3  0 10  7]]

[[11 14  5 12]
 [15 13  6  8]
 [ 9  2  1  4]
 [ 3 10  0  7]]

[[11 14  5 12]
 [15 13  6  8]
 [ 9  2  0  4]
 [ 3 10  1  7]]

[[11 14  5 12]
 [15 13  0  8]
 [ 9  2  6  4]
 [ 3 10  1  7]]

[[11 14  5 12]
 [15  0 13  8]
 [ 9  2  6  4]
 [ 3 10  1  7]]

[[11 14  5 12]
 [15  2 13  8]
 [ 9  0  6  4]
 [ 3 10  1  7]]

[[11 14  5 12]
 [15  2 13  8]
 [ 9 10  6  4]
 [ 3  0  1  7]]

[[11 14  5 12]
 [15  2 13  8]
 [ 9 10  6  4]
 [ 3  1  0  7]]

[[11 14  5 12]
 [15  2 13  8]
 [ 9 10  6  4]
 [ 3  1  7  0]]

[[11 14  5 12]
 [15  2 13  8]
 [ 9 10  6  0]
 [ 3  1  7  4]]

[[11 14  5 12]
 [15  2 13  8]
 [ 9 10  0  6]
 [ 3  1  7  4]]

[[11 14  5 12]
 [15  2 13  8]
 [ 9 10  7  6]
 [ 3  1  0  4]]

[[11 14  5 12]
 [15  2 13  8]
 [ 9 10  7  6]
 [ 3  0  1  4]]

[[11 14  5 12]
 [15  2 13  8]
 [ 9  0  7  6]
 [ 3 10  1  4]]

[[11 14  5 12]
 [15  2 13  8]
 [ 9  7  0  6]
 [ 3 10  1  4]]

[[11 14  5 12]
 [15  2 13  8]
 [ 9  7  6  0]
 [ 3 10  1  4]]

[[11 14  5 12]
 [15  2 13  8]
 [ 9  7  6  4]
 [ 3 10  1  0]]

[[11 14  5 12]
 [15  2 13  8]
 [ 9  7  6  4]
 [ 3 10  0  1]]

[[11 14  5 12]
 [15  2 13  8]
 [ 9  7  6  4]
 [ 3  0 10  1]]

[[11 14  5 12]
 [15  2 13  8]
 [ 9  0  6  4]
 [ 3  7 10  1]]

[[11 14  5 12]
 [15  2 13  8]
 [ 9  6  0  4]
 [ 3  7 10  1]]

[[11 14  5 12]
 [15  2 13  8]
 [ 9  6 10  4]
 [ 3  7  0  1]]

[[11 14  5 12]
 [15  2 13  8]
 [ 9  6 10  4]
 [ 3  7  1  0]]

[[11 14  5 12]
 [15  2 13  8]
 [ 9  6 10  0]
 [ 3  7  1  4]]

[[11 14  5 12]
 [15  2 13  8]
 [ 9  6  0 10]
 [ 3  7  1  4]]

[[11 14  5 12]
 [15  2 13  8]
 [ 9  0  6 10]
 [ 3  7  1  4]]

[[11 14  5 12]
 [15  0 13  8]
 [ 9  2  6 10]
 [ 3  7  1  4]]

[[11 14  5 12]
 [15 13  0  8]
 [ 9  2  6 10]
 [ 3  7  1  4]]

[[11 14  5 12]
 [15 13  6  8]
 [ 9  2  0 10]
 [ 3  7  1  4]]

[[11 14  5 12]
 [15 13  6  8]
 [ 9  2 10  0]
 [ 3  7  1  4]]

[[11 14  5 12]
 [15 13  6  8]
 [ 9  2 10  4]
 [ 3  7  1  0]]

[[11 14  5 12]
 [15 13  6  8]
 [ 9  2 10  4]
 [ 3  7  0  1]]

[[11 14  5 12]
 [15 13  6  8]
 [ 9  2 10  4]
 [ 3  0  7  1]]

[[11 14  5 12]
 [15 13  6  8]
 [ 9  0 10  4]
 [ 3  2  7  1]]

[[11 14  5 12]
 [15 13  6  8]
 [ 9 10  0  4]
 [ 3  2  7  1]]

[[11 14  5 12]
 [15 13  0  8]
 [ 9 10  6  4]
 [ 3  2  7  1]]

[[11 14  5 12]
 [15  0 13  8]
 [ 9 10  6  4]
 [ 3  2  7  1]]

[[11 14  5 12]
 [15 10 13  8]
 [ 9  0  6  4]
 [ 3  2  7  1]]

[[11 14  5 12]
 [15 10 13  8]
 [ 9  6  0  4]
 [ 3  2  7  1]]

[[11 14  5 12]
 [15 10 13  8]
 [ 9  6  7  4]
 [ 3  2  0  1]]

[[11 14  5 12]
 [15 10 13  8]
 [ 9  6  7  4]
 [ 3  2  1  0]]

[[11 14  5 12]
 [15 10 13  8]
 [ 9  6  7  0]
 [ 3  2  1  4]]

[[11 14  5 12]
 [15 10 13  0]
 [ 9  6  7  8]
 [ 3  2  1  4]]

[[11 14  5 12]
 [15 10  0 13]
 [ 9  6  7  8]
 [ 3  2  1  4]]

[[11 14  0 12]
 [15 10  5 13]
 [ 9  6  7  8]
 [ 3  2  1  4]]

[[11 14 12  0]
 [15 10  5 13]
 [ 9  6  7  8]
 [ 3  2  1  4]]

[[11 14 12 13]
 [15 10  5  0]
 [ 9  6  7  8]
 [ 3  2  1  4]]

[[11 14 12 13]
 [15 10  5  8]
 [ 9  6  7  0]
 [ 3  2  1  4]]

[[11 14 12 13]
 [15 10  5  8]
 [ 9  6  0  7]
 [ 3  2  1  4]]

[[11 14 12 13]
 [15 10  0  8]
 [ 9  6  5  7]
 [ 3  2  1  4]]

[[11 14  0 13]
 [15 10 12  8]
 [ 9  6  5  7]
 [ 3  2  1  4]]

[[11 14 13  0]
 [15 10 12  8]
 [ 9  6  5  7]
 [ 3  2  1  4]]

[[11 14 13  8]
 [15 10 12  0]
 [ 9  6  5  7]
 [ 3  2  1  4]]

[[11 14 13  8]
 [15 10  0 12]
 [ 9  6  5  7]
 [ 3  2  1  4]]

[[11 14 13  8]
 [15 10  5 12]
 [ 9  6  0  7]
 [ 3  2  1  4]]

[[11 14 13  8]
 [15 10  5 12]
 [ 9  6  7  0]
 [ 3  2  1  4]]

[[11 14 13  8]
 [15 10  5 12]
 [ 9  6  7  4]
 [ 3  2  1  0]]

[[11 14 13  8]
 [15 10  5 12]
 [ 9  6  7  4]
 [ 3  2  0  1]]

[[11 14 13  8]
 [15 10  5 12]
 [ 9  6  7  4]
 [ 3  0  2  1]]

[[11 14 13  8]
 [15 10  5 12]
 [ 9  0  7  4]
 [ 3  6  2  1]]

[[11 14 13  8]
 [15 10  5 12]
 [ 9  7  0  4]
 [ 3  6  2  1]]

[[11 14 13  8]
 [15 10  0 12]
 [ 9  7  5  4]
 [ 3  6  2  1]]

[[11 14 13  8]
 [15 10 12  0]
 [ 9  7  5  4]
 [ 3  6  2  1]]

[[11 14 13  0]
 [15 10 12  8]
 [ 9  7  5  4]
 [ 3  6  2  1]]

[[11 14  0 13]
 [15 10 12  8]
 [ 9  7  5  4]
 [ 3  6  2  1]]

[[11 14 12 13]
 [15 10  0  8]
 [ 9  7  5  4]
 [ 3  6  2  1]]

[[11 14 12 13]
 [15  0 10  8]
 [ 9  7  5  4]
 [ 3  6  2  1]]

[[11 14 12 13]
 [15  7 10  8]
 [ 9  0  5  4]
 [ 3  6  2  1]]

[[11 14 12 13]
 [15  7 10  8]
 [ 9  6  5  4]
 [ 3  0  2  1]]

[[11 14 12 13]
 [15  7 10  8]
 [ 9  6  5  4]
 [ 3  2  0  1]]

[[11 14 12 13]
 [15  7 10  8]
 [ 9  6  5  4]
 [ 3  2  1  0]]

[[11 14 12 13]
 [15  7 10  8]
 [ 9  6  5  0]
 [ 3  2  1  4]]

[[11 14 12 13]
 [15  7 10  0]
 [ 9  6  5  8]
 [ 3  2  1  4]]

[[11 14 12  0]
 [15  7 10 13]
 [ 9  6  5  8]
 [ 3  2  1  4]]

[[11 14  0 12]
 [15  7 10 13]
 [ 9  6  5  8]
 [ 3  2  1  4]]

[[11 14 10 12]
 [15  7  0 13]
 [ 9  6  5  8]
 [ 3  2  1  4]]

[[11 14 10 12]
 [15  7 13  0]
 [ 9  6  5  8]
 [ 3  2  1  4]]

[[11 14 10 12]
 [15  7 13  8]
 [ 9  6  5  0]
 [ 3  2  1  4]]

[[11 14 10 12]
 [15  7 13  8]
 [ 9  6  5  4]
 [ 3  2  1  0]]

[[11 14 10 12]
 [15  7 13  8]
 [ 9  6  5  4]
 [ 3  2  0  1]]

[[11 14 10 12]
 [15  7 13  8]
 [ 9  6  5  4]
 [ 3  0  2  1]]

[[11 14 10 12]
 [15  7 13  8]
 [ 9  0  5  4]
 [ 3  6  2  1]]

[[11 14 10 12]
 [15  7 13  8]
 [ 0  9  5  4]
 [ 3  6  2  1]]

[[11 14 10 12]
 [15  7 13  8]
 [ 3  9  5  4]
 [ 0  6  2  1]]

[[11 14 10 12]
 [15  7 13  8]
 [ 3  9  5  4]
 [ 6  0  2  1]]

[[11 14 10 12]
 [15  7 13  8]
 [ 3  9  5  4]
 [ 6  2  0  1]]

[[11 14 10 12]
 [15  7 13  8]
 [ 3  9  0  4]
 [ 6  2  5  1]]

[[11 14 10 12]
 [15  7 13  8]
 [ 3  0  9  4]
 [ 6  2  5  1]]

[[11 14 10 12]
 [15  0 13  8]
 [ 3  7  9  4]
 [ 6  2  5  1]]

[[11 14 10 12]
 [15 13  0  8]
 [ 3  7  9  4]
 [ 6  2  5  1]]

[[11 14 10 12]
 [15 13  9  8]
 [ 3  7  0  4]
 [ 6  2  5  1]]

[[11 14 10 12]
 [15 13  9  8]
 [ 3  7  5  4]
 [ 6  2  0  1]]

[[11 14 10 12]
 [15 13  9  8]
 [ 3  7  5  4]
 [ 6  0  2  1]]

[[11 14 10 12]
 [15 13  9  8]
 [ 3  7  5  4]
 [ 0  6  2  1]]

[[11 14 10 12]
 [15 13  9  8]
 [ 0  7  5  4]
 [ 3  6  2  1]]

[[11 14 10 12]
 [15 13  9  8]
 [ 7  0  5  4]
 [ 3  6  2  1]]

[[11 14 10 12]
 [15 13  9  8]
 [ 7  6  5  4]
 [ 3  0  2  1]]

[[11 14 10 12]
 [15 13  9  8]
 [ 7  6  5  4]
 [ 3  2  0  1]]

[[11 14 10 12]
 [15 13  9  8]
 [ 7  6  5  4]
 [ 3  2  1  0]]

[[11 14 10 12]
 [15 13  9  8]
 [ 7  6  5  0]
 [ 3  2  1  4]]

[[11 14 10 12]
 [15 13  9  0]
 [ 7  6  5  8]
 [ 3  2  1  4]]

[[11 14 10 12]
 [15 13  0  9]
 [ 7  6  5  8]
 [ 3  2  1  4]]

[[11 14 10 12]
 [15  0 13  9]
 [ 7  6  5  8]
 [ 3  2  1  4]]

[[11 14 10 12]
 [ 0 15 13  9]
 [ 7  6  5  8]
 [ 3  2  1  4]]

[[ 0 14 10 12]
 [11 15 13  9]
 [ 7  6  5  8]
 [ 3  2  1  4]]

[[14  0 10 12]
 [11 15 13  9]
 [ 7  6  5  8]
 [ 3  2  1  4]]

[[14 10  0 12]
 [11 15 13  9]
 [ 7  6  5  8]
 [ 3  2  1  4]]

[[14 10 13 12]
 [11 15  0  9]
 [ 7  6  5  8]
 [ 3  2  1  4]]

[[14 10 13 12]
 [11 15  9  0]
 [ 7  6  5  8]
 [ 3  2  1  4]]

[[14 10 13 12]
 [11 15  9  8]
 [ 7  6  5  0]
 [ 3  2  1  4]]

[[14 10 13 12]
 [11 15  9  8]
 [ 7  6  0  5]
 [ 3  2  1  4]]

[[14 10 13 12]
 [11 15  0  8]
 [ 7  6  9  5]
 [ 3  2  1  4]]

[[14 10 13 12]
 [11  0 15  8]
 [ 7  6  9  5]
 [ 3  2  1  4]]

[[14  0 13 12]
 [11 10 15  8]
 [ 7  6  9  5]
 [ 3  2  1  4]]

[[14 13  0 12]
 [11 10 15  8]
 [ 7  6  9  5]
 [ 3  2  1  4]]

[[14 13 15 12]
 [11 10  0  8]
 [ 7  6  9  5]
 [ 3  2  1  4]]

[[14 13 15 12]
 [11 10  9  8]
 [ 7  6  0  5]
 [ 3  2  1  4]]

[[14 13 15 12]
 [11 10  9  8]
 [ 7  6  5  0]
 [ 3  2  1  4]]

[[14 13 15 12]
 [11 10  9  8]
 [ 7  6  5  4]
 [ 3  2  1  0]]

[[14 13 15 12]
 [11 10  9  8]
 [ 7  6  5  4]
 [ 3  2  0  1]]

[[14 13 15 12]
 [11 10  9  8]
 [ 7  6  5  4]
 [ 3  0  2  1]]

[[14 13 15 12]
 [11 10  9  8]
 [ 7  0  5  4]
 [ 3  6  2  1]]

[[14 13 15 12]
 [11 10  9  8]
 [ 7  5  0  4]
 [ 3  6  2  1]]

[[14 13 15 12]
 [11 10  9  8]
 [ 7  5  2  4]
 [ 3  6  0  1]]

[[14 13 15 12]
 [11 10  9  8]
 [ 7  5  2  4]
 [ 3  6  1  0]]

[[14 13 15 12]
 [11 10  9  8]
 [ 7  5  2  0]
 [ 3  6  1  4]]

[[14 13 15 12]
 [11 10  9  8]
 [ 7  5  0  2]
 [ 3  6  1  4]]

[[14 13 15 12]
 [11 10  9  8]
 [ 7  0  5  2]
 [ 3  6  1  4]]

[[14 13 15 12]
 [11 10  9  8]
 [ 7  6  5  2]
 [ 3  0  1  4]]

[[14 13 15 12]
 [11 10  9  8]
 [ 7  6  5  2]
 [ 3  1  0  4]]

[[14 13 15 12]
 [11 10  9  8]
 [ 7  6  0  2]
 [ 3  1  5  4]]

[[14 13 15 12]
 [11 10  9  8]
 [ 7  6  2  0]
 [ 3  1  5  4]]

[[14 13 15 12]
 [11 10  9  8]
 [ 7  6  2  4]
 [ 3  1  5  0]]

[[14 13 15 12]
 [11 10  9  8]
 [ 7  6  2  4]
 [ 3  1  0  5]]

[[14 13 15 12]
 [11 10  9  8]
 [ 7  6  2  4]
 [ 3  0  1  5]]

[[14 13 15 12]
 [11 10  9  8]
 [ 7  0  2  4]
 [ 3  6  1  5]]

[[14 13 15 12]
 [11 10  9  8]
 [ 7  2  0  4]
 [ 3  6  1  5]]

[[14 13 15 12]
 [11 10  9  8]
 [ 7  2  1  4]
 [ 3  6  0  5]]

[[14 13 15 12]
 [11 10  9  8]
 [ 7  2  1  4]
 [ 3  6  5  0]]

[[14 13 15 12]
 [11 10  9  8]
 [ 7  2  1  0]
 [ 3  6  5  4]]

[[14 13 15 12]
 [11 10  9  8]
 [ 7  2  0  1]
 [ 3  6  5  4]]

[[14 13 15 12]
 [11 10  9  8]
 [ 7  2  5  1]
 [ 3  6  0  4]]

[[14 13 15 12]
 [11 10  9  8]
 [ 7  2  5  1]
 [ 3  0  6  4]]

[[14 13 15 12]
 [11 10  9  8]
 [ 7  0  5  1]
 [ 3  2  6  4]]

[[14 13 15 12]
 [11 10  9  8]
 [ 7  5  0  1]
 [ 3  2  6  4]]

[[14 13 15 12]
 [11 10  9  8]
 [ 7  5  1  0]
 [ 3  2  6  4]]

[[14 13 15 12]
 [11 10  9  8]
 [ 7  5  1  4]
 [ 3  2  6  0]]

[[14 13 15 12]
 [11 10  9  8]
 [ 7  5  1  4]
 [ 3  2  0  6]]

[[14 13 15 12]
 [11 10  9  8]
 [ 7  5  0  4]
 [ 3  2  1  6]]

[[14 13 15 12]
 [11 10  9  8]
 [ 7  0  5  4]
 [ 3  2  1  6]]

[[14 13 15 12]
 [11  0  9  8]
 [ 7 10  5  4]
 [ 3  2  1  6]]

[[14  0 15 12]
 [11 13  9  8]
 [ 7 10  5  4]
 [ 3  2  1  6]]

[[14 15  0 12]
 [11 13  9  8]
 [ 7 10  5  4]
 [ 3  2  1  6]]

[[14 15  9 12]
 [11 13  0  8]
 [ 7 10  5  4]
 [ 3  2  1  6]]

[[14 15  9 12]
 [11  0 13  8]
 [ 7 10  5  4]
 [ 3  2  1  6]]

[[14  0  9 12]
 [11 15 13  8]
 [ 7 10  5  4]
 [ 3  2  1  6]]

[[ 0 14  9 12]
 [11 15 13  8]
 [ 7 10  5  4]
 [ 3  2  1  6]]

[[11 14  9 12]
 [ 0 15 13  8]
 [ 7 10  5  4]
 [ 3  2  1  6]]

[[11 14  9 12]
 [15  0 13  8]
 [ 7 10  5  4]
 [ 3  2  1  6]]

[[11 14  9 12]
 [15 13  0  8]
 [ 7 10  5  4]
 [ 3  2  1  6]]

[[11 14  0 12]
 [15 13  9  8]
 [ 7 10  5  4]
 [ 3  2  1  6]]

[[11  0 14 12]
 [15 13  9  8]
 [ 7 10  5  4]
 [ 3  2  1  6]]

[[11 13 14 12]
 [15  0  9  8]
 [ 7 10  5  4]
 [ 3  2  1  6]]

[[11 13 14 12]
 [ 0 15  9  8]
 [ 7 10  5  4]
 [ 3  2  1  6]]

[[ 0 13 14 12]
 [11 15  9  8]
 [ 7 10  5  4]
 [ 3  2  1  6]]

[[13  0 14 12]
 [11 15  9  8]
 [ 7 10  5  4]
 [ 3  2  1  6]]

[[13 15 14 12]
 [11  0  9  8]
 [ 7 10  5  4]
 [ 3  2  1  6]]

[[13 15 14 12]
 [11 10  9  8]
 [ 7  0  5  4]
 [ 3  2  1  6]]

[[13 15 14 12]
 [11 10  9  8]
 [ 7  5  0  4]
 [ 3  2  1  6]]

[[13 15 14 12]
 [11 10  9  8]
 [ 7  5  1  4]
 [ 3  2  0  6]]

[[13 15 14 12]
 [11 10  9  8]
 [ 7  5  1  4]
 [ 3  2  6  0]]

[[13 15 14 12]
 [11 10  9  8]
 [ 7  5  1  0]
 [ 3  2  6  4]]

[[13 15 14 12]
 [11 10  9  8]
 [ 7  5  0  1]
 [ 3  2  6  4]]

[[13 15 14 12]
 [11 10  9  8]
 [ 7  0  5  1]
 [ 3  2  6  4]]

[[13 15 14 12]
 [11 10  9  8]
 [ 7  2  5  1]
 [ 3  0  6  4]]

[[13 15 14 12]
 [11 10  9  8]
 [ 7  2  5  1]
 [ 3  6  0  4]]

[[13 15 14 12]
 [11 10  9  8]
 [ 7  2  0  1]
 [ 3  6  5  4]]

[[13 15 14 12]
 [11 10  9  8]
 [ 7  2  1  0]
 [ 3  6  5  4]]

[[13 15 14 12]
 [11 10  9  8]
 [ 7  2  1  4]
 [ 3  6  5  0]]

[[13 15 14 12]
 [11 10  9  8]
 [ 7  2  1  4]
 [ 3  6  0  5]]

[[13 15 14 12]
 [11 10  9  8]
 [ 7  2  0  4]
 [ 3  6  1  5]]

[[13 15 14 12]
 [11 10  9  8]
 [ 7  0  2  4]
 [ 3  6  1  5]]

[[13 15 14 12]
 [11 10  9  8]
 [ 7  6  2  4]
 [ 3  0  1  5]]

[[13 15 14 12]
 [11 10  9  8]
 [ 7  6  2  4]
 [ 3  1  0  5]]

[[13 15 14 12]
 [11 10  9  8]
 [ 7  6  2  4]
 [ 3  1  5  0]]

[[13 15 14 12]
 [11 10  9  8]
 [ 7  6  2  0]
 [ 3  1  5  4]]

[[13 15 14 12]
 [11 10  9  8]
 [ 7  6  0  2]
 [ 3  1  5  4]]

[[13 15 14 12]
 [11 10  9  8]
 [ 7  6  5  2]
 [ 3  1  0  4]]

[[13 15 14 12]
 [11 10  9  8]
 [ 7  6  5  2]
 [ 3  0  1  4]]

[[13 15 14 12]
 [11 10  9  8]
 [ 7  0  5  2]
 [ 3  6  1  4]]

[[13 15 14 12]
 [11 10  9  8]
 [ 7  5  0  2]
 [ 3  6  1  4]]

[[13 15 14 12]
 [11 10  9  8]
 [ 7  5  2  0]
 [ 3  6  1  4]]

[[13 15 14 12]
 [11 10  9  8]
 [ 7  5  2  4]
 [ 3  6  1  0]]

[[13 15 14 12]
 [11 10  9  8]
 [ 7  5  2  4]
 [ 3  6  0  1]]

[[13 15 14 12]
 [11 10  9  8]
 [ 7  5  0  4]
 [ 3  6  2  1]]

[[13 15 14 12]
 [11 10  9  8]
 [ 7  0  5  4]
 [ 3  6  2  1]]

[[13 15 14 12]
 [11 10  9  8]
 [ 7  6  5  4]
 [ 3  0  2  1]]

[[13 15 14 12]
 [11 10  9  8]
 [ 7  6  5  4]
 [ 3  2  0  1]]

[[13 15 14 12]
 [11 10  9  8]
 [ 7  6  5  4]
 [ 3  2  1  0]]

[[13 15 14 12]
 [11 10  9  8]
 [ 7  6  5  0]
 [ 3  2  1  4]]

[[13 15 14 12]
 [11 10  9  0]
 [ 7  6  5  8]
 [ 3  2  1  4]]

[[13 15 14 12]
 [11 10  0  9]
 [ 7  6  5  8]
 [ 3  2  1  4]]

[[13 15 14 12]
 [11 10  5  9]
 [ 7  6  0  8]
 [ 3  2  1  4]]

[[13 15 14 12]
 [11 10  5  9]
 [ 7  6  8  0]
 [ 3  2  1  4]]

[[13 15 14 12]
 [11 10  5  9]
 [ 7  6  8  4]
 [ 3  2  1  0]]

[[13 15 14 12]
 [11 10  5  9]
 [ 7  6  8  4]
 [ 3  2  0  1]]

[[13 15 14 12]
 [11 10  5  9]
 [ 7  6  0  4]
 [ 3  2  8  1]]

[[13 15 14 12]
 [11 10  0  9]
 [ 7  6  5  4]
 [ 3  2  8  1]]

[[13 15 14 12]
 [11 10  9  0]
 [ 7  6  5  4]
 [ 3  2  8  1]]

[[13 15 14 12]
 [11 10  9  4]
 [ 7  6  5  0]
 [ 3  2  8  1]]

[[13 15 14 12]
 [11 10  9  4]
 [ 7  6  0  5]
 [ 3  2  8  1]]

[[13 15 14 12]
 [11 10  9  4]
 [ 7  6  8  5]
 [ 3  2  0  1]]

[[13 15 14 12]
 [11 10  9  4]
 [ 7  6  8  5]
 [ 3  2  1  0]]

[[13 15 14 12]
 [11 10  9  4]
 [ 7  6  8  0]
 [ 3  2  1  5]]

[[13 15 14 12]
 [11 10  9  0]
 [ 7  6  8  4]
 [ 3  2  1  5]]

[[13 15 14 12]
 [11 10  0  9]
 [ 7  6  8  4]
 [ 3  2  1  5]]

[[13 15 14 12]
 [11 10  8  9]
 [ 7  6  0  4]
 [ 3  2  1  5]]

[[13 15 14 12]
 [11 10  8  9]
 [ 7  6  1  4]
 [ 3  2  0  5]]

[[13 15 14 12]
 [11 10  8  9]
 [ 7  6  1  4]
 [ 3  2  5  0]]

[[13 15 14 12]
 [11 10  8  9]
 [ 7  6  1  0]
 [ 3  2  5  4]]

[[13 15 14 12]
 [11 10  8  9]
 [ 7  6  0  1]
 [ 3  2  5  4]]

[[13 15 14 12]
 [11 10  8  9]
 [ 7  6  5  1]
 [ 3  2  0  4]]

[[13 15 14 12]
 [11 10  8  9]
 [ 7  6  5  1]
 [ 3  2  4  0]]

[[13 15 14 12]
 [11 10  8  9]
 [ 7  6  5  0]
 [ 3  2  4  1]]

[[13 15 14 12]
 [11 10  8  0]
 [ 7  6  5  9]
 [ 3  2  4  1]]

[[13 15 14 12]
 [11 10  0  8]
 [ 7  6  5  9]
 [ 3  2  4  1]]

[[13 15 14 12]
 [11 10  5  8]
 [ 7  6  0  9]
 [ 3  2  4  1]]

[[13 15 14 12]
 [11 10  5  8]
 [ 7  6  4  9]
 [ 3  2  0  1]]

[[13 15 14 12]
 [11 10  5  8]
 [ 7  6  4  9]
 [ 3  2  1  0]]

[[13 15 14 12]
 [11 10  5  8]
 [ 7  6  4  0]
 [ 3  2  1  9]]

[[13 15 14 12]
 [11 10  5  8]
 [ 7  6  0  4]
 [ 3  2  1  9]]

[[13 15 14 12]
 [11 10  0  8]
 [ 7  6  5  4]
 [ 3  2  1  9]]

[[13 15 14 12]
 [11  0 10  8]
 [ 7  6  5  4]
 [ 3  2  1  9]]

[[13  0 14 12]
 [11 15 10  8]
 [ 7  6  5  4]
 [ 3  2  1  9]]

[[ 0 13 14 12]
 [11 15 10  8]
 [ 7  6  5  4]
 [ 3  2  1  9]]

[[11 13 14 12]
 [ 0 15 10  8]
 [ 7  6  5  4]
 [ 3  2  1  9]]

[[11 13 14 12]
 [15  0 10  8]
 [ 7  6  5  4]
 [ 3  2  1  9]]

[[11 13 14 12]
 [15 10  0  8]
 [ 7  6  5  4]
 [ 3  2  1  9]]

[[11 13  0 12]
 [15 10 14  8]
 [ 7  6  5  4]
 [ 3  2  1  9]]

[[11  0 13 12]
 [15 10 14  8]
 [ 7  6  5  4]
 [ 3  2  1  9]]

[[ 0 11 13 12]
 [15 10 14  8]
 [ 7  6  5  4]
 [ 3  2  1  9]]

[[15 11 13 12]
 [ 0 10 14  8]
 [ 7  6  5  4]
 [ 3  2  1  9]]

[[15 11 13 12]
 [10  0 14  8]
 [ 7  6  5  4]
 [ 3  2  1  9]]

[[15  0 13 12]
 [10 11 14  8]
 [ 7  6  5  4]
 [ 3  2  1  9]]

[[15 13  0 12]
 [10 11 14  8]
 [ 7  6  5  4]
 [ 3  2  1  9]]

[[15 13 14 12]
 [10 11  0  8]
 [ 7  6  5  4]
 [ 3  2  1  9]]

[[15 13 14 12]
 [10  0 11  8]
 [ 7  6  5  4]
 [ 3  2  1  9]]

[[15  0 14 12]
 [10 13 11  8]
 [ 7  6  5  4]
 [ 3  2  1  9]]

[[15 14  0 12]
 [10 13 11  8]
 [ 7  6  5  4]
 [ 3  2  1  9]]

[[15 14 11 12]
 [10 13  0  8]
 [ 7  6  5  4]
 [ 3  2  1  9]]

[[15 14 11 12]
 [10  0 13  8]
 [ 7  6  5  4]
 [ 3  2  1  9]]

[[15 14 11 12]
 [ 0 10 13  8]
 [ 7  6  5  4]
 [ 3  2  1  9]]

[[ 0 14 11 12]
 [15 10 13  8]
 [ 7  6  5  4]
 [ 3  2  1  9]]

[[14  0 11 12]
 [15 10 13  8]
 [ 7  6  5  4]
 [ 3  2  1  9]]

[[14 11  0 12]
 [15 10 13  8]
 [ 7  6  5  4]
 [ 3  2  1  9]]

[[14 11 13 12]
 [15 10  0  8]
 [ 7  6  5  4]
 [ 3  2  1  9]]

[[14 11 13 12]
 [15  0 10  8]
 [ 7  6  5  4]
 [ 3  2  1  9]]

[[14  0 13 12]
 [15 11 10  8]
 [ 7  6  5  4]
 [ 3  2  1  9]]

[[ 0 14 13 12]
 [15 11 10  8]
 [ 7  6  5  4]
 [ 3  2  1  9]]

[[15 14 13 12]
 [ 0 11 10  8]
 [ 7  6  5  4]
 [ 3  2  1  9]]

[[15 14 13 12]
 [11  0 10  8]
 [ 7  6  5  4]
 [ 3  2  1  9]]

[[15 14 13 12]
 [11 10  0  8]
 [ 7  6  5  4]
 [ 3  2  1  9]]

[[15 14 13 12]
 [11 10  5  8]
 [ 7  6  0  4]
 [ 3  2  1  9]]

[[15 14 13 12]
 [11 10  5  8]
 [ 7  6  4  0]
 [ 3  2  1  9]]

[[15 14 13 12]
 [11 10  5  8]
 [ 7  6  4  9]
 [ 3  2  1  0]]

[[15 14 13 12]
 [11 10  5  8]
 [ 7  6  4  9]
 [ 3  2  0  1]]

[[15 14 13 12]
 [11 10  5  8]
 [ 7  6  0  9]
 [ 3  2  4  1]]

[[15 14 13 12]
 [11 10  0  8]
 [ 7  6  5  9]
 [ 3  2  4  1]]

[[15 14 13 12]
 [11 10  8  0]
 [ 7  6  5  9]
 [ 3  2  4  1]]

[[15 14 13 12]
 [11 10  8  9]
 [ 7  6  5  0]
 [ 3  2  4  1]]

[[15 14 13 12]
 [11 10  8  9]
 [ 7  6  0  5]
 [ 3  2  4  1]]

[[15 14 13 12]
 [11 10  8  9]
 [ 7  6  4  5]
 [ 3  2  0  1]]

[[15 14 13 12]
 [11 10  8  9]
 [ 7  6  4  5]
 [ 3  2  1  0]]

[[15 14 13 12]
 [11 10  8  9]
 [ 7  6  4  0]
 [ 3  2  1  5]]

[[15 14 13 12]
 [11 10  8  9]
 [ 7  6  0  4]
 [ 3  2  1  5]]

[[15 14 13 12]
 [11 10  0  9]
 [ 7  6  8  4]
 [ 3  2  1  5]]

[[15 14 13 12]
 [11 10  9  0]
 [ 7  6  8  4]
 [ 3  2  1  5]]

[[15 14 13 12]
 [11 10  9  4]
 [ 7  6  8  0]
 [ 3  2  1  5]]

[[15 14 13 12]
 [11 10  9  4]
 [ 7  6  8  5]
 [ 3  2  1  0]]

[[15 14 13 12]
 [11 10  9  4]
 [ 7  6  8  5]
 [ 3  2  0  1]]

[[15 14 13 12]
 [11 10  9  4]
 [ 7  6  0  5]
 [ 3  2  8  1]]

[[15 14 13 12]
 [11 10  9  4]
 [ 7  6  5  0]
 [ 3  2  8  1]]

[[15 14 13 12]
 [11 10  9  0]
 [ 7  6  5  4]
 [ 3  2  8  1]]

[[15 14 13 12]
 [11 10  0  9]
 [ 7  6  5  4]
 [ 3  2  8  1]]

[[15 14 13 12]
 [11 10  5  9]
 [ 7  6  0  4]
 [ 3  2  8  1]]

[[15 14 13 12]
 [11 10  5  9]
 [ 7  6  8  4]
 [ 3  2  0  1]]

[[15 14 13 12]
 [11 10  5  9]
 [ 7  6  8  4]
 [ 3  2  1  0]]

[[15 14 13 12]
 [11 10  5  9]
 [ 7  6  8  0]
 [ 3  2  1  4]]

[[15 14 13 12]
 [11 10  5  9]
 [ 7  6  0  8]
 [ 3  2  1  4]]

[[15 14 13 12]
 [11 10  0  9]
 [ 7  6  5  8]
 [ 3  2  1  4]]

[[15 14 13 12]
 [11 10  9  0]
 [ 7  6  5  8]
 [ 3  2  1  4]]

[[15 14 13 12]
 [11 10  9  8]
 [ 7  6  5  0]
 [ 3  2  1  4]]

[[15 14 13 12]
 [11 10  9  8]
 [ 7  6  5  4]
 [ 3  2  1  0]]

