Method: h3

Number of moves in path: 742

Total Number of iterations performed to reach path: 20174

Time elapsed: 2.32 minutes

[[11  5  2  1]
 [14  8 10  0]
 [15  4 13  6]
 [ 9 12  3  7]]

[[11  5  2  0]
 [14  8 10  1]
 [15  4 13  6]
 [ 9 12  3  7]]

[[11  5  0  2]
 [14  8 10  1]
 [15  4 13  6]
 [ 9 12  3  7]]

[[11  5 10  2]
 [14  8  0  1]
 [15  4 13  6]
 [ 9 12  3  7]]

[[11  5 10  2]
 [14  8 13  1]
 [15  4  0  6]
 [ 9 12  3  7]]

[[11  5 10  2]
 [14  8 13  1]
 [15  0  4  6]
 [ 9 12  3  7]]

[[11  5 10  2]
 [14  8 13  1]
 [15 12  4  6]
 [ 9  0  3  7]]

[[11  5 10  2]
 [14  8 13  1]
 [15 12  4  6]
 [ 9  3  0  7]]

[[11  5 10  2]
 [14  8 13  1]
 [15 12  0  6]
 [ 9  3  4  7]]

[[11  5 10  2]
 [14  8 13  1]
 [15  0 12  6]
 [ 9  3  4  7]]

[[11  5 10  2]
 [14  0 13  1]
 [15  8 12  6]
 [ 9  3  4  7]]

[[11  0 10  2]
 [14  5 13  1]
 [15  8 12  6]
 [ 9  3  4  7]]

[[ 0 11 10  2]
 [14  5 13  1]
 [15  8 12  6]
 [ 9  3  4  7]]

[[14 11 10  2]
 [ 0  5 13  1]
 [15  8 12  6]
 [ 9  3  4  7]]

[[14 11 10  2]
 [15  5 13  1]
 [ 0  8 12  6]
 [ 9  3  4  7]]

[[14 11 10  2]
 [15  5 13  1]
 [ 8  0 12  6]
 [ 9  3  4  7]]

[[14 11 10  2]
 [15  0 13  1]
 [ 8  5 12  6]
 [ 9  3  4  7]]

[[14 11 10  2]
 [15 13  0  1]
 [ 8  5 12  6]
 [ 9  3  4  7]]

[[14 11 10  2]
 [15 13 12  1]
 [ 8  5  0  6]
 [ 9  3  4  7]]

[[14 11 10  2]
 [15 13 12  1]
 [ 8  5  6  0]
 [ 9  3  4  7]]

[[14 11 10  2]
 [15 13 12  0]
 [ 8  5  6  1]
 [ 9  3  4  7]]

[[14 11 10  0]
 [15 13 12  2]
 [ 8  5  6  1]
 [ 9  3  4  7]]

[[14 11  0 10]
 [15 13 12  2]
 [ 8  5  6  1]
 [ 9  3  4  7]]

[[14  0 11 10]
 [15 13 12  2]
 [ 8  5  6  1]
 [ 9  3  4  7]]

[[14 13 11 10]
 [15  0 12  2]
 [ 8  5  6  1]
 [ 9  3  4  7]]

[[14 13 11 10]
 [15 12  0  2]
 [ 8  5  6  1]
 [ 9  3  4  7]]

[[14 13 11 10]
 [15 12  6  2]
 [ 8  5  0  1]
 [ 9  3  4  7]]

[[14 13 11 10]
 [15 12  6  2]
 [ 8  5  4  1]
 [ 9  3  0  7]]

[[14 13 11 10]
 [15 12  6  2]
 [ 8  5  4  1]
 [ 9  3  7  0]]

[[14 13 11 10]
 [15 12  6  2]
 [ 8  5  4  0]
 [ 9  3  7  1]]

[[14 13 11 10]
 [15 12  6  0]
 [ 8  5  4  2]
 [ 9  3  7  1]]

[[14 13 11  0]
 [15 12  6 10]
 [ 8  5  4  2]
 [ 9  3  7  1]]

[[14 13  0 11]
 [15 12  6 10]
 [ 8  5  4  2]
 [ 9  3  7  1]]

[[14  0 13 11]
 [15 12  6 10]
 [ 8  5  4  2]
 [ 9  3  7  1]]

[[ 0 14 13 11]
 [15 12  6 10]
 [ 8  5  4  2]
 [ 9  3  7  1]]

[[15 14 13 11]
 [ 0 12  6 10]
 [ 8  5  4  2]
 [ 9  3  7  1]]

[[15 14 13 11]
 [ 8 12  6 10]
 [ 0  5  4  2]
 [ 9  3  7  1]]

[[15 14 13 11]
 [ 8 12  6 10]
 [ 9  5  4  2]
 [ 0  3  7  1]]

[[15 14 13 11]
 [ 8 12  6 10]
 [ 9  5  4  2]
 [ 3  0  7  1]]

[[15 14 13 11]
 [ 8 12  6 10]
 [ 9  5  4  2]
 [ 3  7  0  1]]

[[15 14 13 11]
 [ 8 12  6 10]
 [ 9  5  4  2]
 [ 3  7  1  0]]

[[15 14 13 11]
 [ 8 12  6 10]
 [ 9  5  4  0]
 [ 3  7  1  2]]

[[15 14 13 11]
 [ 8 12  6 10]
 [ 9  5  0  4]
 [ 3  7  1  2]]

[[15 14 13 11]
 [ 8 12  6 10]
 [ 9  0  5  4]
 [ 3  7  1  2]]

[[15 14 13 11]
 [ 8 12  6 10]
 [ 9  7  5  4]
 [ 3  0  1  2]]

[[15 14 13 11]
 [ 8 12  6 10]
 [ 9  7  5  4]
 [ 3  1  0  2]]

[[15 14 13 11]
 [ 8 12  6 10]
 [ 9  7  0  4]
 [ 3  1  5  2]]

[[15 14 13 11]
 [ 8 12  0 10]
 [ 9  7  6  4]
 [ 3  1  5  2]]

[[15 14 13 11]
 [ 8  0 12 10]
 [ 9  7  6  4]
 [ 3  1  5  2]]

[[15 14 13 11]
 [ 0  8 12 10]
 [ 9  7  6  4]
 [ 3  1  5  2]]

[[15 14 13 11]
 [ 9  8 12 10]
 [ 0  7  6  4]
 [ 3  1  5  2]]

[[15 14 13 11]
 [ 9  8 12 10]
 [ 7  0  6  4]
 [ 3  1  5  2]]

[[15 14 13 11]
 [ 9  0 12 10]
 [ 7  8  6  4]
 [ 3  1  5  2]]

[[15 14 13 11]
 [ 0  9 12 10]
 [ 7  8  6  4]
 [ 3  1  5  2]]

[[ 0 14 13 11]
 [15  9 12 10]
 [ 7  8  6  4]
 [ 3  1  5  2]]

[[14  0 13 11]
 [15  9 12 10]
 [ 7  8  6  4]
 [ 3  1  5  2]]

[[14 13  0 11]
 [15  9 12 10]
 [ 7  8  6  4]
 [ 3  1  5  2]]

[[14 13 12 11]
 [15  9  0 10]
 [ 7  8  6  4]
 [ 3  1  5  2]]

[[14 13 12 11]
 [15  0  9 10]
 [ 7  8  6  4]
 [ 3  1  5  2]]

[[14  0 12 11]
 [15 13  9 10]
 [ 7  8  6  4]
 [ 3  1  5  2]]

[[ 0 14 12 11]
 [15 13  9 10]
 [ 7  8  6  4]
 [ 3  1  5  2]]

[[15 14 12 11]
 [ 0 13  9 10]
 [ 7  8  6  4]
 [ 3  1  5  2]]

[[15 14 12 11]
 [13  0  9 10]
 [ 7  8  6  4]
 [ 3  1  5  2]]

[[15 14 12 11]
 [13  8  9 10]
 [ 7  0  6  4]
 [ 3  1  5  2]]

[[15 14 12 11]
 [13  8  9 10]
 [ 7  6  0  4]
 [ 3  1  5  2]]

[[15 14 12 11]
 [13  8  9 10]
 [ 7  6  5  4]
 [ 3  1  0  2]]

[[15 14 12 11]
 [13  8  9 10]
 [ 7  6  5  4]
 [ 3  1  2  0]]

[[15 14 12 11]
 [13  8  9 10]
 [ 7  6  5  0]
 [ 3  1  2  4]]

[[15 14 12 11]
 [13  8  9 10]
 [ 7  6  0  5]
 [ 3  1  2  4]]

[[15 14 12 11]
 [13  8  9 10]
 [ 7  0  6  5]
 [ 3  1  2  4]]

[[15 14 12 11]
 [13  0  9 10]
 [ 7  8  6  5]
 [ 3  1  2  4]]

[[15 14 12 11]
 [13  9  0 10]
 [ 7  8  6  5]
 [ 3  1  2  4]]

[[15 14 12 11]
 [13  9  6 10]
 [ 7  8  0  5]
 [ 3  1  2  4]]

[[15 14 12 11]
 [13  9  6 10]
 [ 7  8  5  0]
 [ 3  1  2  4]]

[[15 14 12 11]
 [13  9  6 10]
 [ 7  8  5  4]
 [ 3  1  2  0]]

[[15 14 12 11]
 [13  9  6 10]
 [ 7  8  5  4]
 [ 3  1  0  2]]

[[15 14 12 11]
 [13  9  6 10]
 [ 7  8  5  4]
 [ 3  0  1  2]]

[[15 14 12 11]
 [13  9  6 10]
 [ 7  8  5  4]
 [ 0  3  1  2]]

[[15 14 12 11]
 [13  9  6 10]
 [ 0  8  5  4]
 [ 7  3  1  2]]

[[15 14 12 11]
 [13  9  6 10]
 [ 8  0  5  4]
 [ 7  3  1  2]]

[[15 14 12 11]
 [13  9  6 10]
 [ 8  5  0  4]
 [ 7  3  1  2]]

[[15 14 12 11]
 [13  9  6 10]
 [ 8  5  4  0]
 [ 7  3  1  2]]

[[15 14 12 11]
 [13  9  6 10]
 [ 8  5  4  2]
 [ 7  3  1  0]]

[[15 14 12 11]
 [13  9  6 10]
 [ 8  5  4  2]
 [ 7  3  0  1]]

[[15 14 12 11]
 [13  9  6 10]
 [ 8  5  4  2]
 [ 7  0  3  1]]

[[15 14 12 11]
 [13  9  6 10]
 [ 8  0  4  2]
 [ 7  5  3  1]]

[[15 14 12 11]
 [13  9  6 10]
 [ 0  8  4  2]
 [ 7  5  3  1]]

[[15 14 12 11]
 [13  9  6 10]
 [ 7  8  4  2]
 [ 0  5  3  1]]

[[15 14 12 11]
 [13  9  6 10]
 [ 7  8  4  2]
 [ 5  0  3  1]]

[[15 14 12 11]
 [13  9  6 10]
 [ 7  8  4  2]
 [ 5  3  0  1]]

[[15 14 12 11]
 [13  9  6 10]
 [ 7  8  4  2]
 [ 5  3  1  0]]

[[15 14 12 11]
 [13  9  6 10]
 [ 7  8  4  0]
 [ 5  3  1  2]]

[[15 14 12 11]
 [13  9  6 10]
 [ 7  8  0  4]
 [ 5  3  1  2]]

[[15 14 12 11]
 [13  9  0 10]
 [ 7  8  6  4]
 [ 5  3  1  2]]

[[15 14  0 11]
 [13  9 12 10]
 [ 7  8  6  4]
 [ 5  3  1  2]]

[[15  0 14 11]
 [13  9 12 10]
 [ 7  8  6  4]
 [ 5  3  1  2]]

[[ 0 15 14 11]
 [13  9 12 10]
 [ 7  8  6  4]
 [ 5  3  1  2]]

[[13 15 14 11]
 [ 0  9 12 10]
 [ 7  8  6  4]
 [ 5  3  1  2]]

[[13 15 14 11]
 [ 9  0 12 10]
 [ 7  8  6  4]
 [ 5  3  1  2]]

[[13 15 14 11]
 [ 9  8 12 10]
 [ 7  0  6  4]
 [ 5  3  1  2]]

[[13 15 14 11]
 [ 9  8 12 10]
 [ 0  7  6  4]
 [ 5  3  1  2]]

[[13 15 14 11]
 [ 0  8 12 10]
 [ 9  7  6  4]
 [ 5  3  1  2]]

[[ 0 15 14 11]
 [13  8 12 10]
 [ 9  7  6  4]
 [ 5  3  1  2]]

[[15  0 14 11]
 [13  8 12 10]
 [ 9  7  6  4]
 [ 5  3  1  2]]

[[15 14  0 11]
 [13  8 12 10]
 [ 9  7  6  4]
 [ 5  3  1  2]]

[[15 14 12 11]
 [13  8  0 10]
 [ 9  7  6  4]
 [ 5  3  1  2]]

[[15 14 12 11]
 [13  0  8 10]
 [ 9  7  6  4]
 [ 5  3  1  2]]

[[15  0 12 11]
 [13 14  8 10]
 [ 9  7  6  4]
 [ 5  3  1  2]]

[[ 0 15 12 11]
 [13 14  8 10]
 [ 9  7  6  4]
 [ 5  3  1  2]]

[[13 15 12 11]
 [ 0 14  8 10]
 [ 9  7  6  4]
 [ 5  3  1  2]]

[[13 15 12 11]
 [14  0  8 10]
 [ 9  7  6  4]
 [ 5  3  1  2]]

[[13 15 12 11]
 [14  8  0 10]
 [ 9  7  6  4]
 [ 5  3  1  2]]

[[13 15  0 11]
 [14  8 12 10]
 [ 9  7  6  4]
 [ 5  3  1  2]]

[[13  0 15 11]
 [14  8 12 10]
 [ 9  7  6  4]
 [ 5  3  1  2]]

[[ 0 13 15 11]
 [14  8 12 10]
 [ 9  7  6  4]
 [ 5  3  1  2]]

[[14 13 15 11]
 [ 0  8 12 10]
 [ 9  7  6  4]
 [ 5  3  1  2]]

[[14 13 15 11]
 [ 8  0 12 10]
 [ 9  7  6  4]
 [ 5  3  1  2]]

[[14  0 15 11]
 [ 8 13 12 10]
 [ 9  7  6  4]
 [ 5  3  1  2]]

[[14 15  0 11]
 [ 8 13 12 10]
 [ 9  7  6  4]
 [ 5  3  1  2]]

[[14 15 12 11]
 [ 8 13  0 10]
 [ 9  7  6  4]
 [ 5  3  1  2]]

[[14 15 12 11]
 [ 8  0 13 10]
 [ 9  7  6  4]
 [ 5  3  1  2]]

[[14 15 12 11]
 [ 0  8 13 10]
 [ 9  7  6  4]
 [ 5  3  1  2]]

[[ 0 15 12 11]
 [14  8 13 10]
 [ 9  7  6  4]
 [ 5  3  1  2]]

[[15  0 12 11]
 [14  8 13 10]
 [ 9  7  6  4]
 [ 5  3  1  2]]

[[15 12  0 11]
 [14  8 13 10]
 [ 9  7  6  4]
 [ 5  3  1  2]]

[[15 12 13 11]
 [14  8  0 10]
 [ 9  7  6  4]
 [ 5  3  1  2]]

[[15 12 13 11]
 [14  0  8 10]
 [ 9  7  6  4]
 [ 5  3  1  2]]

[[15  0 13 11]
 [14 12  8 10]
 [ 9  7  6  4]
 [ 5  3  1  2]]

[[15 13  0 11]
 [14 12  8 10]
 [ 9  7  6  4]
 [ 5  3  1  2]]

[[15 13 11  0]
 [14 12  8 10]
 [ 9  7  6  4]
 [ 5  3  1  2]]

[[15 13 11 10]
 [14 12  8  0]
 [ 9  7  6  4]
 [ 5  3  1  2]]

[[15 13 11 10]
 [14 12  0  8]
 [ 9  7  6  4]
 [ 5  3  1  2]]

[[15 13  0 10]
 [14 12 11  8]
 [ 9  7  6  4]
 [ 5  3  1  2]]

[[15  0 13 10]
 [14 12 11  8]
 [ 9  7  6  4]
 [ 5  3  1  2]]

[[15 12 13 10]
 [14  0 11  8]
 [ 9  7  6  4]
 [ 5  3  1  2]]

[[15 12 13 10]
 [14 11  0  8]
 [ 9  7  6  4]
 [ 5  3  1  2]]

[[15 12 13 10]
 [14 11  8  0]
 [ 9  7  6  4]
 [ 5  3  1  2]]

[[15 12 13  0]
 [14 11  8 10]
 [ 9  7  6  4]
 [ 5  3  1  2]]

[[15 12  0 13]
 [14 11  8 10]
 [ 9  7  6  4]
 [ 5  3  1  2]]

[[15  0 12 13]
 [14 11  8 10]
 [ 9  7  6  4]
 [ 5  3  1  2]]

[[ 0 15 12 13]
 [14 11  8 10]
 [ 9  7  6  4]
 [ 5  3  1  2]]

[[14 15 12 13]
 [ 0 11  8 10]
 [ 9  7  6  4]
 [ 5  3  1  2]]

[[14 15 12 13]
 [11  0  8 10]
 [ 9  7  6  4]
 [ 5  3  1  2]]

[[14 15 12 13]
 [11  8  0 10]
 [ 9  7  6  4]
 [ 5  3  1  2]]

[[14 15  0 13]
 [11  8 12 10]
 [ 9  7  6  4]
 [ 5  3  1  2]]

[[14 15 13  0]
 [11  8 12 10]
 [ 9  7  6  4]
 [ 5  3  1  2]]

[[14 15 13 10]
 [11  8 12  0]
 [ 9  7  6  4]
 [ 5  3  1  2]]

[[14 15 13 10]
 [11  8  0 12]
 [ 9  7  6  4]
 [ 5  3  1  2]]

[[14 15 13 10]
 [11  0  8 12]
 [ 9  7  6  4]
 [ 5  3  1  2]]

[[14 15 13 10]
 [ 0 11  8 12]
 [ 9  7  6  4]
 [ 5  3  1  2]]

[[ 0 15 13 10]
 [14 11  8 12]
 [ 9  7  6  4]
 [ 5  3  1  2]]

[[15  0 13 10]
 [14 11  8 12]
 [ 9  7  6  4]
 [ 5  3  1  2]]

[[15 13  0 10]
 [14 11  8 12]
 [ 9  7  6  4]
 [ 5  3  1  2]]

[[15 13 10  0]
 [14 11  8 12]
 [ 9  7  6  4]
 [ 5  3  1  2]]

[[15 13 10 12]
 [14 11  8  0]
 [ 9  7  6  4]
 [ 5  3  1  2]]

[[15 13 10 12]
 [14 11  0  8]
 [ 9  7  6  4]
 [ 5  3  1  2]]

[[15 13  0 12]
 [14 11 10  8]
 [ 9  7  6  4]
 [ 5  3  1  2]]

[[15  0 13 12]
 [14 11 10  8]
 [ 9  7  6  4]
 [ 5  3  1  2]]

[[ 0 15 13 12]
 [14 11 10  8]
 [ 9  7  6  4]
 [ 5  3  1  2]]

[[14 15 13 12]
 [ 0 11 10  8]
 [ 9  7  6  4]
 [ 5  3  1  2]]

[[14 15 13 12]
 [ 9 11 10  8]
 [ 0  7  6  4]
 [ 5  3  1  2]]

[[14 15 13 12]
 [ 9 11 10  8]
 [ 7  0  6  4]
 [ 5  3  1  2]]

[[14 15 13 12]
 [ 9 11 10  8]
 [ 7  6  0  4]
 [ 5  3  1  2]]

[[14 15 13 12]
 [ 9 11 10  8]
 [ 7  6  4  0]
 [ 5  3  1  2]]

[[14 15 13 12]
 [ 9 11 10  8]
 [ 7  6  4  2]
 [ 5  3  1  0]]

[[14 15 13 12]
 [ 9 11 10  8]
 [ 7  6  4  2]
 [ 5  3  0  1]]

[[14 15 13 12]
 [ 9 11 10  8]
 [ 7  6  0  2]
 [ 5  3  4  1]]

[[14 15 13 12]
 [ 9 11 10  8]
 [ 7  0  6  2]
 [ 5  3  4  1]]

[[14 15 13 12]
 [ 9 11 10  8]
 [ 7  3  6  2]
 [ 5  0  4  1]]

[[14 15 13 12]
 [ 9 11 10  8]
 [ 7  3  6  2]
 [ 5  4  0  1]]

[[14 15 13 12]
 [ 9 11 10  8]
 [ 7  3  6  2]
 [ 5  4  1  0]]

[[14 15 13 12]
 [ 9 11 10  8]
 [ 7  3  6  0]
 [ 5  4  1  2]]

[[14 15 13 12]
 [ 9 11 10  8]
 [ 7  3  0  6]
 [ 5  4  1  2]]

[[14 15 13 12]
 [ 9 11 10  8]
 [ 7  0  3  6]
 [ 5  4  1  2]]

[[14 15 13 12]
 [ 9 11 10  8]
 [ 0  7  3  6]
 [ 5  4  1  2]]

[[14 15 13 12]
 [ 0 11 10  8]
 [ 9  7  3  6]
 [ 5  4  1  2]]

[[14 15 13 12]
 [11  0 10  8]
 [ 9  7  3  6]
 [ 5  4  1  2]]

[[14 15 13 12]
 [11 10  0  8]
 [ 9  7  3  6]
 [ 5  4  1  2]]

[[14 15 13 12]
 [11 10  8  0]
 [ 9  7  3  6]
 [ 5  4  1  2]]

[[14 15 13 12]
 [11 10  8  6]
 [ 9  7  3  0]
 [ 5  4  1  2]]

[[14 15 13 12]
 [11 10  8  6]
 [ 9  7  3  2]
 [ 5  4  1  0]]

[[14 15 13 12]
 [11 10  8  6]
 [ 9  7  3  2]
 [ 5  4  0  1]]

[[14 15 13 12]
 [11 10  8  6]
 [ 9  7  0  2]
 [ 5  4  3  1]]

[[14 15 13 12]
 [11 10  8  6]
 [ 9  7  2  0]
 [ 5  4  3  1]]

[[14 15 13 12]
 [11 10  8  0]
 [ 9  7  2  6]
 [ 5  4  3  1]]

[[14 15 13 12]
 [11 10  0  8]
 [ 9  7  2  6]
 [ 5  4  3  1]]

[[14 15 13 12]
 [11  0 10  8]
 [ 9  7  2  6]
 [ 5  4  3  1]]

[[14 15 13 12]
 [ 0 11 10  8]
 [ 9  7  2  6]
 [ 5  4  3  1]]

[[14 15 13 12]
 [ 9 11 10  8]
 [ 0  7  2  6]
 [ 5  4  3  1]]

[[14 15 13 12]
 [ 9 11 10  8]
 [ 7  0  2  6]
 [ 5  4  3  1]]

[[14 15 13 12]
 [ 9 11 10  8]
 [ 7  4  2  6]
 [ 5  0  3  1]]

[[14 15 13 12]
 [ 9 11 10  8]
 [ 7  4  2  6]
 [ 5  3  0  1]]

[[14 15 13 12]
 [ 9 11 10  8]
 [ 7  4  0  6]
 [ 5  3  2  1]]

[[14 15 13 12]
 [ 9 11 10  8]
 [ 7  0  4  6]
 [ 5  3  2  1]]

[[14 15 13 12]
 [ 9 11 10  8]
 [ 0  7  4  6]
 [ 5  3  2  1]]

[[14 15 13 12]
 [ 0 11 10  8]
 [ 9  7  4  6]
 [ 5  3  2  1]]

[[14 15 13 12]
 [11  0 10  8]
 [ 9  7  4  6]
 [ 5  3  2  1]]

[[14 15 13 12]
 [11 10  0  8]
 [ 9  7  4  6]
 [ 5  3  2  1]]

[[14 15 13 12]
 [11 10  8  0]
 [ 9  7  4  6]
 [ 5  3  2  1]]

[[14 15 13 12]
 [11 10  8  6]
 [ 9  7  4  0]
 [ 5  3  2  1]]

[[14 15 13 12]
 [11 10  8  6]
 [ 9  7  0  4]
 [ 5  3  2  1]]

[[14 15 13 12]
 [11 10  0  6]
 [ 9  7  8  4]
 [ 5  3  2  1]]

[[14 15 13 12]
 [11  0 10  6]
 [ 9  7  8  4]
 [ 5  3  2  1]]

[[14 15 13 12]
 [11  7 10  6]
 [ 9  0  8  4]
 [ 5  3  2  1]]

[[14 15 13 12]
 [11  7 10  6]
 [ 9  8  0  4]
 [ 5  3  2  1]]

[[14 15 13 12]
 [11  7 10  6]
 [ 9  8  4  0]
 [ 5  3  2  1]]

[[14 15 13 12]
 [11  7 10  0]
 [ 9  8  4  6]
 [ 5  3  2  1]]

[[14 15 13 12]
 [11  7  0 10]
 [ 9  8  4  6]
 [ 5  3  2  1]]

[[14 15 13 12]
 [11  0  7 10]
 [ 9  8  4  6]
 [ 5  3  2  1]]

[[14 15 13 12]
 [11  8  7 10]
 [ 9  0  4  6]
 [ 5  3  2  1]]

[[14 15 13 12]
 [11  8  7 10]
 [ 9  4  0  6]
 [ 5  3  2  1]]

[[14 15 13 12]
 [11  8  0 10]
 [ 9  4  7  6]
 [ 5  3  2  1]]

[[14 15 13 12]
 [11  8 10  0]
 [ 9  4  7  6]
 [ 5  3  2  1]]

[[14 15 13 12]
 [11  8 10  6]
 [ 9  4  7  0]
 [ 5  3  2  1]]

[[14 15 13 12]
 [11  8 10  6]
 [ 9  4  0  7]
 [ 5  3  2  1]]

[[14 15 13 12]
 [11  8 10  6]
 [ 9  0  4  7]
 [ 5  3  2  1]]

[[14 15 13 12]
 [11  0 10  6]
 [ 9  8  4  7]
 [ 5  3  2  1]]

[[14 15 13 12]
 [11 10  0  6]
 [ 9  8  4  7]
 [ 5  3  2  1]]

[[14 15 13 12]
 [11 10  6  0]
 [ 9  8  4  7]
 [ 5  3  2  1]]

[[14 15 13 12]
 [11 10  6  7]
 [ 9  8  4  0]
 [ 5  3  2  1]]

[[14 15 13 12]
 [11 10  6  7]
 [ 9  8  0  4]
 [ 5  3  2  1]]

[[14 15 13 12]
 [11 10  0  7]
 [ 9  8  6  4]
 [ 5  3  2  1]]

[[14 15 13 12]
 [11 10  7  0]
 [ 9  8  6  4]
 [ 5  3  2  1]]

[[14 15 13 12]
 [11 10  7  4]
 [ 9  8  6  0]
 [ 5  3  2  1]]

[[14 15 13 12]
 [11 10  7  4]
 [ 9  8  0  6]
 [ 5  3  2  1]]

[[14 15 13 12]
 [11 10  0  4]
 [ 9  8  7  6]
 [ 5  3  2  1]]

[[14 15 13 12]
 [11  0 10  4]
 [ 9  8  7  6]
 [ 5  3  2  1]]

[[14 15 13 12]
 [ 0 11 10  4]
 [ 9  8  7  6]
 [ 5  3  2  1]]

[[14 15 13 12]
 [ 9 11 10  4]
 [ 0  8  7  6]
 [ 5  3  2  1]]

[[14 15 13 12]
 [ 9 11 10  4]
 [ 8  0  7  6]
 [ 5  3  2  1]]

[[14 15 13 12]
 [ 9 11 10  4]
 [ 8  7  0  6]
 [ 5  3  2  1]]

[[14 15 13 12]
 [ 9 11 10  4]
 [ 8  7  6  0]
 [ 5  3  2  1]]

[[14 15 13 12]
 [ 9 11 10  0]
 [ 8  7  6  4]
 [ 5  3  2  1]]

[[14 15 13 12]
 [ 9 11  0 10]
 [ 8  7  6  4]
 [ 5  3  2  1]]

[[14 15 13 12]
 [ 9  0 11 10]
 [ 8  7  6  4]
 [ 5  3  2  1]]

[[14 15 13 12]
 [ 0  9 11 10]
 [ 8  7  6  4]
 [ 5  3  2  1]]

[[ 0 15 13 12]
 [14  9 11 10]
 [ 8  7  6  4]
 [ 5  3  2  1]]

[[15  0 13 12]
 [14  9 11 10]
 [ 8  7  6  4]
 [ 5  3  2  1]]

[[15 13  0 12]
 [14  9 11 10]
 [ 8  7  6  4]
 [ 5  3  2  1]]

[[15 13 11 12]
 [14  9  0 10]
 [ 8  7  6  4]
 [ 5  3  2  1]]

[[15 13 11 12]
 [14  9 10  0]
 [ 8  7  6  4]
 [ 5  3  2  1]]

[[15 13 11  0]
 [14  9 10 12]
 [ 8  7  6  4]
 [ 5  3  2  1]]

[[15 13  0 11]
 [14  9 10 12]
 [ 8  7  6  4]
 [ 5  3  2  1]]

[[15  0 13 11]
 [14  9 10 12]
 [ 8  7  6  4]
 [ 5  3  2  1]]

[[ 0 15 13 11]
 [14  9 10 12]
 [ 8  7  6  4]
 [ 5  3  2  1]]

[[14 15 13 11]
 [ 0  9 10 12]
 [ 8  7  6  4]
 [ 5  3  2  1]]

[[14 15 13 11]
 [ 9  0 10 12]
 [ 8  7  6  4]
 [ 5  3  2  1]]

[[14 15 13 11]
 [ 9 10  0 12]
 [ 8  7  6  4]
 [ 5  3  2  1]]

[[14 15 13 11]
 [ 9 10 12  0]
 [ 8  7  6  4]
 [ 5  3  2  1]]

[[14 15 13  0]
 [ 9 10 12 11]
 [ 8  7  6  4]
 [ 5  3  2  1]]

[[14 15  0 13]
 [ 9 10 12 11]
 [ 8  7  6  4]
 [ 5  3  2  1]]

[[14 15 12 13]
 [ 9 10  0 11]
 [ 8  7  6  4]
 [ 5  3  2  1]]

[[14 15 12 13]
 [ 9  0 10 11]
 [ 8  7  6  4]
 [ 5  3  2  1]]

[[14 15 12 13]
 [ 0  9 10 11]
 [ 8  7  6  4]
 [ 5  3  2  1]]

[[ 0 15 12 13]
 [14  9 10 11]
 [ 8  7  6  4]
 [ 5  3  2  1]]

[[15  0 12 13]
 [14  9 10 11]
 [ 8  7  6  4]
 [ 5  3  2  1]]

[[15 12  0 13]
 [14  9 10 11]
 [ 8  7  6  4]
 [ 5  3  2  1]]

[[15 12 13  0]
 [14  9 10 11]
 [ 8  7  6  4]
 [ 5  3  2  1]]

[[15 12 13 11]
 [14  9 10  0]
 [ 8  7  6  4]
 [ 5  3  2  1]]

[[15 12 13 11]
 [14  9  0 10]
 [ 8  7  6  4]
 [ 5  3  2  1]]

[[15 12 13 11]
 [14  0  9 10]
 [ 8  7  6  4]
 [ 5  3  2  1]]

[[15  0 13 11]
 [14 12  9 10]
 [ 8  7  6  4]
 [ 5  3  2  1]]

[[15 13  0 11]
 [14 12  9 10]
 [ 8  7  6  4]
 [ 5  3  2  1]]

[[15 13 11  0]
 [14 12  9 10]
 [ 8  7  6  4]
 [ 5  3  2  1]]

[[15 13 11 10]
 [14 12  9  0]
 [ 8  7  6  4]
 [ 5  3  2  1]]

[[15 13 11 10]
 [14 12  0  9]
 [ 8  7  6  4]
 [ 5  3  2  1]]

[[15 13  0 10]
 [14 12 11  9]
 [ 8  7  6  4]
 [ 5  3  2  1]]

[[15  0 13 10]
 [14 12 11  9]
 [ 8  7  6  4]
 [ 5  3  2  1]]

[[15 12 13 10]
 [14  0 11  9]
 [ 8  7  6  4]
 [ 5  3  2  1]]

[[15 12 13 10]
 [14 11  0  9]
 [ 8  7  6  4]
 [ 5  3  2  1]]

[[15 12  0 10]
 [14 11 13  9]
 [ 8  7  6  4]
 [ 5  3  2  1]]

[[15  0 12 10]
 [14 11 13  9]
 [ 8  7  6  4]
 [ 5  3  2  1]]

[[ 0 15 12 10]
 [14 11 13  9]
 [ 8  7  6  4]
 [ 5  3  2  1]]

[[14 15 12 10]
 [ 0 11 13  9]
 [ 8  7  6  4]
 [ 5  3  2  1]]

[[14 15 12 10]
 [11  0 13  9]
 [ 8  7  6  4]
 [ 5  3  2  1]]

[[14 15 12 10]
 [11 13  0  9]
 [ 8  7  6  4]
 [ 5  3  2  1]]

[[14 15 12 10]
 [11 13  9  0]
 [ 8  7  6  4]
 [ 5  3  2  1]]

[[14 15 12  0]
 [11 13  9 10]
 [ 8  7  6  4]
 [ 5  3  2  1]]

[[14 15  0 12]
 [11 13  9 10]
 [ 8  7  6  4]
 [ 5  3  2  1]]

[[14  0 15 12]
 [11 13  9 10]
 [ 8  7  6  4]
 [ 5  3  2  1]]

[[14 13 15 12]
 [11  0  9 10]
 [ 8  7  6  4]
 [ 5  3  2  1]]

[[14 13 15 12]
 [ 0 11  9 10]
 [ 8  7  6  4]
 [ 5  3  2  1]]

[[ 0 13 15 12]
 [14 11  9 10]
 [ 8  7  6  4]
 [ 5  3  2  1]]

[[13  0 15 12]
 [14 11  9 10]
 [ 8  7  6  4]
 [ 5  3  2  1]]

[[13 15  0 12]
 [14 11  9 10]
 [ 8  7  6  4]
 [ 5  3  2  1]]

[[13 15 12  0]
 [14 11  9 10]
 [ 8  7  6  4]
 [ 5  3  2  1]]

[[13 15 12 10]
 [14 11  9  0]
 [ 8  7  6  4]
 [ 5  3  2  1]]

[[13 15 12 10]
 [14 11  0  9]
 [ 8  7  6  4]
 [ 5  3  2  1]]

[[13 15 12 10]
 [14  0 11  9]
 [ 8  7  6  4]
 [ 5  3  2  1]]

[[13 15 12 10]
 [ 0 14 11  9]
 [ 8  7  6  4]
 [ 5  3  2  1]]

[[ 0 15 12 10]
 [13 14 11  9]
 [ 8  7  6  4]
 [ 5  3  2  1]]

[[15  0 12 10]
 [13 14 11  9]
 [ 8  7  6  4]
 [ 5  3  2  1]]

[[15 14 12 10]
 [13  0 11  9]
 [ 8  7  6  4]
 [ 5  3  2  1]]

[[15 14 12 10]
 [13 11  0  9]
 [ 8  7  6  4]
 [ 5  3  2  1]]

[[15 14  0 10]
 [13 11 12  9]
 [ 8  7  6  4]
 [ 5  3  2  1]]

[[15  0 14 10]
 [13 11 12  9]
 [ 8  7  6  4]
 [ 5  3  2  1]]

[[15 11 14 10]
 [13  0 12  9]
 [ 8  7  6  4]
 [ 5  3  2  1]]

[[15 11 14 10]
 [13 12  0  9]
 [ 8  7  6  4]
 [ 5  3  2  1]]

[[15 11 14 10]
 [13 12  9  0]
 [ 8  7  6  4]
 [ 5  3  2  1]]

[[15 11 14  0]
 [13 12  9 10]
 [ 8  7  6  4]
 [ 5  3  2  1]]

[[15 11  0 14]
 [13 12  9 10]
 [ 8  7  6  4]
 [ 5  3  2  1]]

[[15  0 11 14]
 [13 12  9 10]
 [ 8  7  6  4]
 [ 5  3  2  1]]

[[15 12 11 14]
 [13  0  9 10]
 [ 8  7  6  4]
 [ 5  3  2  1]]

[[15 12 11 14]
 [13  9  0 10]
 [ 8  7  6  4]
 [ 5  3  2  1]]

[[15 12  0 14]
 [13  9 11 10]
 [ 8  7  6  4]
 [ 5  3  2  1]]

[[15 12 14  0]
 [13  9 11 10]
 [ 8  7  6  4]
 [ 5  3  2  1]]

[[15 12 14 10]
 [13  9 11  0]
 [ 8  7  6  4]
 [ 5  3  2  1]]

[[15 12 14 10]
 [13  9  0 11]
 [ 8  7  6  4]
 [ 5  3  2  1]]

[[15 12 14 10]
 [13  0  9 11]
 [ 8  7  6  4]
 [ 5  3  2  1]]

[[15  0 14 10]
 [13 12  9 11]
 [ 8  7  6  4]
 [ 5  3  2  1]]

[[15 14  0 10]
 [13 12  9 11]
 [ 8  7  6  4]
 [ 5  3  2  1]]

[[15 14 10  0]
 [13 12  9 11]
 [ 8  7  6  4]
 [ 5  3  2  1]]

[[15 14 10 11]
 [13 12  9  0]
 [ 8  7  6  4]
 [ 5  3  2  1]]

[[15 14 10 11]
 [13 12  0  9]
 [ 8  7  6  4]
 [ 5  3  2  1]]

[[15 14  0 11]
 [13 12 10  9]
 [ 8  7  6  4]
 [ 5  3  2  1]]

[[15  0 14 11]
 [13 12 10  9]
 [ 8  7  6  4]
 [ 5  3  2  1]]

[[15 12 14 11]
 [13  0 10  9]
 [ 8  7  6  4]
 [ 5  3  2  1]]

[[15 12 14 11]
 [13 10  0  9]
 [ 8  7  6  4]
 [ 5  3  2  1]]

[[15 12 14 11]
 [13 10  9  0]
 [ 8  7  6  4]
 [ 5  3  2  1]]

[[15 12 14  0]
 [13 10  9 11]
 [ 8  7  6  4]
 [ 5  3  2  1]]

[[15 12  0 14]
 [13 10  9 11]
 [ 8  7  6  4]
 [ 5  3  2  1]]

[[15  0 12 14]
 [13 10  9 11]
 [ 8  7  6  4]
 [ 5  3  2  1]]

[[ 0 15 12 14]
 [13 10  9 11]
 [ 8  7  6  4]
 [ 5  3  2  1]]

[[13 15 12 14]
 [ 0 10  9 11]
 [ 8  7  6  4]
 [ 5  3  2  1]]

[[13 15 12 14]
 [10  0  9 11]
 [ 8  7  6  4]
 [ 5  3  2  1]]

[[13 15 12 14]
 [10  9  0 11]
 [ 8  7  6  4]
 [ 5  3  2  1]]

[[13 15  0 14]
 [10  9 12 11]
 [ 8  7  6  4]
 [ 5  3  2  1]]

[[13 15 14  0]
 [10  9 12 11]
 [ 8  7  6  4]
 [ 5  3  2  1]]

[[13 15 14 11]
 [10  9 12  0]
 [ 8  7  6  4]
 [ 5  3  2  1]]

[[13 15 14 11]
 [10  9  0 12]
 [ 8  7  6  4]
 [ 5  3  2  1]]

[[13 15 14 11]
 [10  0  9 12]
 [ 8  7  6  4]
 [ 5  3  2  1]]

[[13 15 14 11]
 [ 0 10  9 12]
 [ 8  7  6  4]
 [ 5  3  2  1]]

[[ 0 15 14 11]
 [13 10  9 12]
 [ 8  7  6  4]
 [ 5  3  2  1]]

[[15  0 14 11]
 [13 10  9 12]
 [ 8  7  6  4]
 [ 5  3  2  1]]

[[15 14  0 11]
 [13 10  9 12]
 [ 8  7  6  4]
 [ 5  3  2  1]]

[[15 14 11  0]
 [13 10  9 12]
 [ 8  7  6  4]
 [ 5  3  2  1]]

[[15 14 11 12]
 [13 10  9  0]
 [ 8  7  6  4]
 [ 5  3  2  1]]

[[15 14 11 12]
 [13 10  0  9]
 [ 8  7  6  4]
 [ 5  3  2  1]]

[[15 14 11 12]
 [13  0 10  9]
 [ 8  7  6  4]
 [ 5  3  2  1]]

[[15  0 11 12]
 [13 14 10  9]
 [ 8  7  6  4]
 [ 5  3  2  1]]

[[ 0 15 11 12]
 [13 14 10  9]
 [ 8  7  6  4]
 [ 5  3  2  1]]

[[13 15 11 12]
 [ 0 14 10  9]
 [ 8  7  6  4]
 [ 5  3  2  1]]

[[13 15 11 12]
 [14  0 10  9]
 [ 8  7  6  4]
 [ 5  3  2  1]]

[[13 15 11 12]
 [14 10  0  9]
 [ 8  7  6  4]
 [ 5  3  2  1]]

[[13 15  0 12]
 [14 10 11  9]
 [ 8  7  6  4]
 [ 5  3  2  1]]

[[13  0 15 12]
 [14 10 11  9]
 [ 8  7  6  4]
 [ 5  3  2  1]]

[[ 0 13 15 12]
 [14 10 11  9]
 [ 8  7  6  4]
 [ 5  3  2  1]]

[[14 13 15 12]
 [ 0 10 11  9]
 [ 8  7  6  4]
 [ 5  3  2  1]]

[[14 13 15 12]
 [10  0 11  9]
 [ 8  7  6  4]
 [ 5  3  2  1]]

[[14  0 15 12]
 [10 13 11  9]
 [ 8  7  6  4]
 [ 5  3  2  1]]

[[14 15  0 12]
 [10 13 11  9]
 [ 8  7  6  4]
 [ 5  3  2  1]]

[[14 15 11 12]
 [10 13  0  9]
 [ 8  7  6  4]
 [ 5  3  2  1]]

[[14 15 11 12]
 [10  0 13  9]
 [ 8  7  6  4]
 [ 5  3  2  1]]

[[14 15 11 12]
 [ 0 10 13  9]
 [ 8  7  6  4]
 [ 5  3  2  1]]

[[ 0 15 11 12]
 [14 10 13  9]
 [ 8  7  6  4]
 [ 5  3  2  1]]

[[15  0 11 12]
 [14 10 13  9]
 [ 8  7  6  4]
 [ 5  3  2  1]]

[[15 11  0 12]
 [14 10 13  9]
 [ 8  7  6  4]
 [ 5  3  2  1]]

[[15 11 13 12]
 [14 10  0  9]
 [ 8  7  6  4]
 [ 5  3  2  1]]

[[15 11 13 12]
 [14 10  9  0]
 [ 8  7  6  4]
 [ 5  3  2  1]]

[[15 11 13  0]
 [14 10  9 12]
 [ 8  7  6  4]
 [ 5  3  2  1]]

[[15 11  0 13]
 [14 10  9 12]
 [ 8  7  6  4]
 [ 5  3  2  1]]

[[15  0 11 13]
 [14 10  9 12]
 [ 8  7  6  4]
 [ 5  3  2  1]]

[[ 0 15 11 13]
 [14 10  9 12]
 [ 8  7  6  4]
 [ 5  3  2  1]]

[[14 15 11 13]
 [ 0 10  9 12]
 [ 8  7  6  4]
 [ 5  3  2  1]]

[[14 15 11 13]
 [10  0  9 12]
 [ 8  7  6  4]
 [ 5  3  2  1]]

[[14 15 11 13]
 [10  9  0 12]
 [ 8  7  6  4]
 [ 5  3  2  1]]

[[14 15  0 13]
 [10  9 11 12]
 [ 8  7  6  4]
 [ 5  3  2  1]]

[[14 15 13  0]
 [10  9 11 12]
 [ 8  7  6  4]
 [ 5  3  2  1]]

[[14 15 13 12]
 [10  9 11  0]
 [ 8  7  6  4]
 [ 5  3  2  1]]

[[14 15 13 12]
 [10  9  0 11]
 [ 8  7  6  4]
 [ 5  3  2  1]]

[[14 15 13 12]
 [10  0  9 11]
 [ 8  7  6  4]
 [ 5  3  2  1]]

[[14 15 13 12]
 [ 0 10  9 11]
 [ 8  7  6  4]
 [ 5  3  2  1]]

[[ 0 15 13 12]
 [14 10  9 11]
 [ 8  7  6  4]
 [ 5  3  2  1]]

[[15  0 13 12]
 [14 10  9 11]
 [ 8  7  6  4]
 [ 5  3  2  1]]

[[15 13  0 12]
 [14 10  9 11]
 [ 8  7  6  4]
 [ 5  3  2  1]]

[[15 13 12  0]
 [14 10  9 11]
 [ 8  7  6  4]
 [ 5  3  2  1]]

[[15 13 12 11]
 [14 10  9  0]
 [ 8  7  6  4]
 [ 5  3  2  1]]

[[15 13 12 11]
 [14 10  0  9]
 [ 8  7  6  4]
 [ 5  3  2  1]]

[[15 13  0 11]
 [14 10 12  9]
 [ 8  7  6  4]
 [ 5  3  2  1]]

[[15  0 13 11]
 [14 10 12  9]
 [ 8  7  6  4]
 [ 5  3  2  1]]

[[ 0 15 13 11]
 [14 10 12  9]
 [ 8  7  6  4]
 [ 5  3  2  1]]

[[14 15 13 11]
 [ 0 10 12  9]
 [ 8  7  6  4]
 [ 5  3  2  1]]

[[14 15 13 11]
 [10  0 12  9]
 [ 8  7  6  4]
 [ 5  3  2  1]]

[[14 15 13 11]
 [10 12  0  9]
 [ 8  7  6  4]
 [ 5  3  2  1]]

[[14 15 13 11]
 [10 12  9  0]
 [ 8  7  6  4]
 [ 5  3  2  1]]

[[14 15 13  0]
 [10 12  9 11]
 [ 8  7  6  4]
 [ 5  3  2  1]]

[[14 15  0 13]
 [10 12  9 11]
 [ 8  7  6  4]
 [ 5  3  2  1]]

[[14  0 15 13]
 [10 12  9 11]
 [ 8  7  6  4]
 [ 5  3  2  1]]

[[14 12 15 13]
 [10  0  9 11]
 [ 8  7  6  4]
 [ 5  3  2  1]]

[[14 12 15 13]
 [ 0 10  9 11]
 [ 8  7  6  4]
 [ 5  3  2  1]]

[[ 0 12 15 13]
 [14 10  9 11]
 [ 8  7  6  4]
 [ 5  3  2  1]]

[[12  0 15 13]
 [14 10  9 11]
 [ 8  7  6  4]
 [ 5  3  2  1]]

[[12 15  0 13]
 [14 10  9 11]
 [ 8  7  6  4]
 [ 5  3  2  1]]

[[12 15 13  0]
 [14 10  9 11]
 [ 8  7  6  4]
 [ 5  3  2  1]]

[[12 15 13 11]
 [14 10  9  0]
 [ 8  7  6  4]
 [ 5  3  2  1]]

[[12 15 13 11]
 [14 10  0  9]
 [ 8  7  6  4]
 [ 5  3  2  1]]

[[12 15 13 11]
 [14  0 10  9]
 [ 8  7  6  4]
 [ 5  3  2  1]]

[[12 15 13 11]
 [ 0 14 10  9]
 [ 8  7  6  4]
 [ 5  3  2  1]]

[[ 0 15 13 11]
 [12 14 10  9]
 [ 8  7  6  4]
 [ 5  3  2  1]]

[[15  0 13 11]
 [12 14 10  9]
 [ 8  7  6  4]
 [ 5  3  2  1]]

[[15 14 13 11]
 [12  0 10  9]
 [ 8  7  6  4]
 [ 5  3  2  1]]

[[15 14 13 11]
 [ 0 12 10  9]
 [ 8  7  6  4]
 [ 5  3  2  1]]

[[ 0 14 13 11]
 [15 12 10  9]
 [ 8  7  6  4]
 [ 5  3  2  1]]

[[14  0 13 11]
 [15 12 10  9]
 [ 8  7  6  4]
 [ 5  3  2  1]]

[[14 12 13 11]
 [15  0 10  9]
 [ 8  7  6  4]
 [ 5  3  2  1]]

[[14 12 13 11]
 [15 10  0  9]
 [ 8  7  6  4]
 [ 5  3  2  1]]

[[14 12 13 11]
 [15 10  9  0]
 [ 8  7  6  4]
 [ 5  3  2  1]]

[[14 12 13  0]
 [15 10  9 11]
 [ 8  7  6  4]
 [ 5  3  2  1]]

[[14 12  0 13]
 [15 10  9 11]
 [ 8  7  6  4]
 [ 5  3  2  1]]

[[14  0 12 13]
 [15 10  9 11]
 [ 8  7  6  4]
 [ 5  3  2  1]]

[[ 0 14 12 13]
 [15 10  9 11]
 [ 8  7  6  4]
 [ 5  3  2  1]]

[[15 14 12 13]
 [ 0 10  9 11]
 [ 8  7  6  4]
 [ 5  3  2  1]]

[[15 14 12 13]
 [10  0  9 11]
 [ 8  7  6  4]
 [ 5  3  2  1]]

[[15 14 12 13]
 [10  9  0 11]
 [ 8  7  6  4]
 [ 5  3  2  1]]

[[15 14  0 13]
 [10  9 12 11]
 [ 8  7  6  4]
 [ 5  3  2  1]]

[[15 14 13  0]
 [10  9 12 11]
 [ 8  7  6  4]
 [ 5  3  2  1]]

[[15 14 13 11]
 [10  9 12  0]
 [ 8  7  6  4]
 [ 5  3  2  1]]

[[15 14 13 11]
 [10  9  0 12]
 [ 8  7  6  4]
 [ 5  3  2  1]]

[[15 14 13 11]
 [10  0  9 12]
 [ 8  7  6  4]
 [ 5  3  2  1]]

[[15 14 13 11]
 [ 0 10  9 12]
 [ 8  7  6  4]
 [ 5  3  2  1]]

[[ 0 14 13 11]
 [15 10  9 12]
 [ 8  7  6  4]
 [ 5  3  2  1]]

[[14  0 13 11]
 [15 10  9 12]
 [ 8  7  6  4]
 [ 5  3  2  1]]

[[14 13  0 11]
 [15 10  9 12]
 [ 8  7  6  4]
 [ 5  3  2  1]]

[[14 13 11  0]
 [15 10  9 12]
 [ 8  7  6  4]
 [ 5  3  2  1]]

[[14 13 11 12]
 [15 10  9  0]
 [ 8  7  6  4]
 [ 5  3  2  1]]

[[14 13 11 12]
 [15 10  0  9]
 [ 8  7  6  4]
 [ 5  3  2  1]]

[[14 13  0 12]
 [15 10 11  9]
 [ 8  7  6  4]
 [ 5  3  2  1]]

[[14  0 13 12]
 [15 10 11  9]
 [ 8  7  6  4]
 [ 5  3  2  1]]

[[ 0 14 13 12]
 [15 10 11  9]
 [ 8  7  6  4]
 [ 5  3  2  1]]

[[15 14 13 12]
 [ 0 10 11  9]
 [ 8  7  6  4]
 [ 5  3  2  1]]

[[15 14 13 12]
 [10  0 11  9]
 [ 8  7  6  4]
 [ 5  3  2  1]]

[[15 14 13 12]
 [10 11  0  9]
 [ 8  7  6  4]
 [ 5  3  2  1]]

[[15 14 13 12]
 [10 11  9  0]
 [ 8  7  6  4]
 [ 5  3  2  1]]

[[15 14 13 12]
 [10 11  9  4]
 [ 8  7  6  0]
 [ 5  3  2  1]]

[[15 14 13 12]
 [10 11  9  4]
 [ 8  7  0  6]
 [ 5  3  2  1]]

[[15 14 13 12]
 [10 11  9  4]
 [ 8  0  7  6]
 [ 5  3  2  1]]

[[15 14 13 12]
 [10 11  9  4]
 [ 0  8  7  6]
 [ 5  3  2  1]]

[[15 14 13 12]
 [ 0 11  9  4]
 [10  8  7  6]
 [ 5  3  2  1]]

[[15 14 13 12]
 [11  0  9  4]
 [10  8  7  6]
 [ 5  3  2  1]]

[[15 14 13 12]
 [11  9  0  4]
 [10  8  7  6]
 [ 5  3  2  1]]

[[15 14 13 12]
 [11  9  7  4]
 [10  8  0  6]
 [ 5  3  2  1]]

[[15 14 13 12]
 [11  9  7  4]
 [10  8  6  0]
 [ 5  3  2  1]]

[[15 14 13 12]
 [11  9  7  0]
 [10  8  6  4]
 [ 5  3  2  1]]

[[15 14 13 12]
 [11  9  0  7]
 [10  8  6  4]
 [ 5  3  2  1]]

[[15 14 13 12]
 [11  0  9  7]
 [10  8  6  4]
 [ 5  3  2  1]]

[[15 14 13 12]
 [11  8  9  7]
 [10  0  6  4]
 [ 5  3  2  1]]

[[15 14 13 12]
 [11  8  9  7]
 [10  6  0  4]
 [ 5  3  2  1]]

[[15 14 13 12]
 [11  8  0  7]
 [10  6  9  4]
 [ 5  3  2  1]]

[[15 14 13 12]
 [11  0  8  7]
 [10  6  9  4]
 [ 5  3  2  1]]

[[15 14 13 12]
 [ 0 11  8  7]
 [10  6  9  4]
 [ 5  3  2  1]]

[[15 14 13 12]
 [10 11  8  7]
 [ 0  6  9  4]
 [ 5  3  2  1]]

[[15 14 13 12]
 [10 11  8  7]
 [ 6  0  9  4]
 [ 5  3  2  1]]

[[15 14 13 12]
 [10 11  8  7]
 [ 6  9  0  4]
 [ 5  3  2  1]]

[[15 14 13 12]
 [10 11  8  7]
 [ 6  9  4  0]
 [ 5  3  2  1]]

[[15 14 13 12]
 [10 11  8  0]
 [ 6  9  4  7]
 [ 5  3  2  1]]

[[15 14 13 12]
 [10 11  0  8]
 [ 6  9  4  7]
 [ 5  3  2  1]]

[[15 14 13 12]
 [10  0 11  8]
 [ 6  9  4  7]
 [ 5  3  2  1]]

[[15 14 13 12]
 [10  9 11  8]
 [ 6  0  4  7]
 [ 5  3  2  1]]

[[15 14 13 12]
 [10  9 11  8]
 [ 0  6  4  7]
 [ 5  3  2  1]]

[[15 14 13 12]
 [ 0  9 11  8]
 [10  6  4  7]
 [ 5  3  2  1]]

[[15 14 13 12]
 [ 9  0 11  8]
 [10  6  4  7]
 [ 5  3  2  1]]

[[15 14 13 12]
 [ 9 11  0  8]
 [10  6  4  7]
 [ 5  3  2  1]]

[[15 14 13 12]
 [ 9 11  8  0]
 [10  6  4  7]
 [ 5  3  2  1]]

[[15 14 13 12]
 [ 9 11  8  7]
 [10  6  4  0]
 [ 5  3  2  1]]

[[15 14 13 12]
 [ 9 11  8  7]
 [10  6  0  4]
 [ 5  3  2  1]]

[[15 14 13 12]
 [ 9 11  8  7]
 [10  0  6  4]
 [ 5  3  2  1]]

[[15 14 13 12]
 [ 9 11  8  7]
 [ 0 10  6  4]
 [ 5  3  2  1]]

[[15 14 13 12]
 [ 0 11  8  7]
 [ 9 10  6  4]
 [ 5  3  2  1]]

[[15 14 13 12]
 [11  0  8  7]
 [ 9 10  6  4]
 [ 5  3  2  1]]

[[15 14 13 12]
 [11 10  8  7]
 [ 9  0  6  4]
 [ 5  3  2  1]]

[[15 14 13 12]
 [11 10  8  7]
 [ 0  9  6  4]
 [ 5  3  2  1]]

[[15 14 13 12]
 [ 0 10  8  7]
 [11  9  6  4]
 [ 5  3  2  1]]

[[15 14 13 12]
 [10  0  8  7]
 [11  9  6  4]
 [ 5  3  2  1]]

[[15 14 13 12]
 [10  9  8  7]
 [11  0  6  4]
 [ 5  3  2  1]]

[[15 14 13 12]
 [10  9  8  7]
 [11  6  0  4]
 [ 5  3  2  1]]

[[15 14 13 12]
 [10  9  8  7]
 [11  6  4  0]
 [ 5  3  2  1]]

[[15 14 13 12]
 [10  9  8  0]
 [11  6  4  7]
 [ 5  3  2  1]]

[[15 14 13 12]
 [10  9  0  8]
 [11  6  4  7]
 [ 5  3  2  1]]

[[15 14 13 12]
 [10  0  9  8]
 [11  6  4  7]
 [ 5  3  2  1]]

[[15 14 13 12]
 [ 0 10  9  8]
 [11  6  4  7]
 [ 5  3  2  1]]

[[15 14 13 12]
 [11 10  9  8]
 [ 0  6  4  7]
 [ 5  3  2  1]]

[[15 14 13 12]
 [11 10  9  8]
 [ 6  0  4  7]
 [ 5  3  2  1]]

[[15 14 13 12]
 [11 10  9  8]
 [ 6  4  0  7]
 [ 5  3  2  1]]

[[15 14 13 12]
 [11 10  9  8]
 [ 6  4  7  0]
 [ 5  3  2  1]]

[[15 14 13 12]
 [11 10  9  8]
 [ 6  4  7  1]
 [ 5  3  2  0]]

[[15 14 13 12]
 [11 10  9  8]
 [ 6  4  7  1]
 [ 5  3  0  2]]

[[15 14 13 12]
 [11 10  9  8]
 [ 6  4  7  1]
 [ 5  0  3  2]]

[[15 14 13 12]
 [11 10  9  8]
 [ 6  0  7  1]
 [ 5  4  3  2]]

[[15 14 13 12]
 [11 10  9  8]
 [ 0  6  7  1]
 [ 5  4  3  2]]

[[15 14 13 12]
 [11 10  9  8]
 [ 5  6  7  1]
 [ 0  4  3  2]]

[[15 14 13 12]
 [11 10  9  8]
 [ 5  6  7  1]
 [ 4  0  3  2]]

[[15 14 13 12]
 [11 10  9  8]
 [ 5  6  7  1]
 [ 4  3  0  2]]

[[15 14 13 12]
 [11 10  9  8]
 [ 5  6  7  1]
 [ 4  3  2  0]]

[[15 14 13 12]
 [11 10  9  8]
 [ 5  6  7  0]
 [ 4  3  2  1]]

[[15 14 13 12]
 [11 10  9  8]
 [ 5  6  0  7]
 [ 4  3  2  1]]

[[15 14 13 12]
 [11 10  9  8]
 [ 5  0  6  7]
 [ 4  3  2  1]]

[[15 14 13 12]
 [11 10  9  8]
 [ 0  5  6  7]
 [ 4  3  2  1]]

[[15 14 13 12]
 [ 0 10  9  8]
 [11  5  6  7]
 [ 4  3  2  1]]

[[15 14 13 12]
 [10  0  9  8]
 [11  5  6  7]
 [ 4  3  2  1]]

[[15 14 13 12]
 [10  9  0  8]
 [11  5  6  7]
 [ 4  3  2  1]]

[[15 14 13 12]
 [10  9  8  0]
 [11  5  6  7]
 [ 4  3  2  1]]

[[15 14 13 12]
 [10  9  8  7]
 [11  5  6  0]
 [ 4  3  2  1]]

[[15 14 13 12]
 [10  9  8  7]
 [11  5  0  6]
 [ 4  3  2  1]]

[[15 14 13 12]
 [10  9  8  7]
 [11  0  5  6]
 [ 4  3  2  1]]

[[15 14 13 12]
 [10  0  8  7]
 [11  9  5  6]
 [ 4  3  2  1]]

[[15 14 13 12]
 [ 0 10  8  7]
 [11  9  5  6]
 [ 4  3  2  1]]

[[15 14 13 12]
 [11 10  8  7]
 [ 0  9  5  6]
 [ 4  3  2  1]]

[[15 14 13 12]
 [11 10  8  7]
 [ 9  0  5  6]
 [ 4  3  2  1]]

[[15 14 13 12]
 [11  0  8  7]
 [ 9 10  5  6]
 [ 4  3  2  1]]

[[15 14 13 12]
 [ 0 11  8  7]
 [ 9 10  5  6]
 [ 4  3  2  1]]

[[15 14 13 12]
 [ 9 11  8  7]
 [ 0 10  5  6]
 [ 4  3  2  1]]

[[15 14 13 12]
 [ 9 11  8  7]
 [10  0  5  6]
 [ 4  3  2  1]]

[[15 14 13 12]
 [ 9 11  8  7]
 [10  5  0  6]
 [ 4  3  2  1]]

[[15 14 13 12]
 [ 9 11  0  7]
 [10  5  8  6]
 [ 4  3  2  1]]

[[15 14 13 12]
 [ 9  0 11  7]
 [10  5  8  6]
 [ 4  3  2  1]]

[[15 14 13 12]
 [ 0  9 11  7]
 [10  5  8  6]
 [ 4  3  2  1]]

[[15 14 13 12]
 [10  9 11  7]
 [ 0  5  8  6]
 [ 4  3  2  1]]

[[15 14 13 12]
 [10  9 11  7]
 [ 5  0  8  6]
 [ 4  3  2  1]]

[[15 14 13 12]
 [10  0 11  7]
 [ 5  9  8  6]
 [ 4  3  2  1]]

[[15 14 13 12]
 [10 11  0  7]
 [ 5  9  8  6]
 [ 4  3  2  1]]

[[15 14 13 12]
 [10 11  8  7]
 [ 5  9  0  6]
 [ 4  3  2  1]]

[[15 14 13 12]
 [10 11  8  7]
 [ 5  0  9  6]
 [ 4  3  2  1]]

[[15 14 13 12]
 [10 11  8  7]
 [ 0  5  9  6]
 [ 4  3  2  1]]

[[15 14 13 12]
 [ 0 11  8  7]
 [10  5  9  6]
 [ 4  3  2  1]]

[[15 14 13 12]
 [11  0  8  7]
 [10  5  9  6]
 [ 4  3  2  1]]

[[15 14 13 12]
 [11  8  0  7]
 [10  5  9  6]
 [ 4  3  2  1]]

[[15 14 13 12]
 [11  8  9  7]
 [10  5  0  6]
 [ 4  3  2  1]]

[[15 14 13 12]
 [11  8  9  7]
 [10  0  5  6]
 [ 4  3  2  1]]

[[15 14 13 12]
 [11  0  9  7]
 [10  8  5  6]
 [ 4  3  2  1]]

[[15 14 13 12]
 [11  9  0  7]
 [10  8  5  6]
 [ 4  3  2  1]]

[[15 14 13 12]
 [11  9  7  0]
 [10  8  5  6]
 [ 4  3  2  1]]

[[15 14 13 12]
 [11  9  7  6]
 [10  8  5  0]
 [ 4  3  2  1]]

[[15 14 13 12]
 [11  9  7  6]
 [10  8  0  5]
 [ 4  3  2  1]]

[[15 14 13 12]
 [11  9  0  6]
 [10  8  7  5]
 [ 4  3  2  1]]

[[15 14 13 12]
 [11  0  9  6]
 [10  8  7  5]
 [ 4  3  2  1]]

[[15 14 13 12]
 [11  8  9  6]
 [10  0  7  5]
 [ 4  3  2  1]]

[[15 14 13 12]
 [11  8  9  6]
 [10  7  0  5]
 [ 4  3  2  1]]

[[15 14 13 12]
 [11  8  9  6]
 [10  7  5  0]
 [ 4  3  2  1]]

[[15 14 13 12]
 [11  8  9  0]
 [10  7  5  6]
 [ 4  3  2  1]]

[[15 14 13 12]
 [11  8  0  9]
 [10  7  5  6]
 [ 4  3  2  1]]

[[15 14 13 12]
 [11  0  8  9]
 [10  7  5  6]
 [ 4  3  2  1]]

[[15 14 13 12]
 [ 0 11  8  9]
 [10  7  5  6]
 [ 4  3  2  1]]

[[15 14 13 12]
 [10 11  8  9]
 [ 0  7  5  6]
 [ 4  3  2  1]]

[[15 14 13 12]
 [10 11  8  9]
 [ 7  0  5  6]
 [ 4  3  2  1]]

[[15 14 13 12]
 [10 11  8  9]
 [ 7  5  0  6]
 [ 4  3  2  1]]

[[15 14 13 12]
 [10 11  0  9]
 [ 7  5  8  6]
 [ 4  3  2  1]]

[[15 14 13 12]
 [10 11  9  0]
 [ 7  5  8  6]
 [ 4  3  2  1]]

[[15 14 13 12]
 [10 11  9  6]
 [ 7  5  8  0]
 [ 4  3  2  1]]

[[15 14 13 12]
 [10 11  9  6]
 [ 7  5  0  8]
 [ 4  3  2  1]]

[[15 14 13 12]
 [10 11  9  6]
 [ 7  0  5  8]
 [ 4  3  2  1]]

[[15 14 13 12]
 [10 11  9  6]
 [ 0  7  5  8]
 [ 4  3  2  1]]

[[15 14 13 12]
 [ 0 11  9  6]
 [10  7  5  8]
 [ 4  3  2  1]]

[[15 14 13 12]
 [11  0  9  6]
 [10  7  5  8]
 [ 4  3  2  1]]

[[15 14 13 12]
 [11  9  0  6]
 [10  7  5  8]
 [ 4  3  2  1]]

[[15 14 13 12]
 [11  9  6  0]
 [10  7  5  8]
 [ 4  3  2  1]]

[[15 14 13 12]
 [11  9  6  8]
 [10  7  5  0]
 [ 4  3  2  1]]

[[15 14 13 12]
 [11  9  6  8]
 [10  7  0  5]
 [ 4  3  2  1]]

[[15 14 13 12]
 [11  9  0  8]
 [10  7  6  5]
 [ 4  3  2  1]]

[[15 14 13 12]
 [11  0  9  8]
 [10  7  6  5]
 [ 4  3  2  1]]

[[15 14 13 12]
 [11  7  9  8]
 [10  0  6  5]
 [ 4  3  2  1]]

[[15 14 13 12]
 [11  7  9  8]
 [10  6  0  5]
 [ 4  3  2  1]]

[[15 14 13 12]
 [11  7  9  8]
 [10  6  5  0]
 [ 4  3  2  1]]

[[15 14 13 12]
 [11  7  9  0]
 [10  6  5  8]
 [ 4  3  2  1]]

[[15 14 13 12]
 [11  7  0  9]
 [10  6  5  8]
 [ 4  3  2  1]]

[[15 14 13 12]
 [11  0  7  9]
 [10  6  5  8]
 [ 4  3  2  1]]

[[15 14 13 12]
 [ 0 11  7  9]
 [10  6  5  8]
 [ 4  3  2  1]]

[[15 14 13 12]
 [10 11  7  9]
 [ 0  6  5  8]
 [ 4  3  2  1]]

[[15 14 13 12]
 [10 11  7  9]
 [ 6  0  5  8]
 [ 4  3  2  1]]

[[15 14 13 12]
 [10 11  7  9]
 [ 6  5  0  8]
 [ 4  3  2  1]]

[[15 14 13 12]
 [10 11  0  9]
 [ 6  5  7  8]
 [ 4  3  2  1]]

[[15 14 13 12]
 [10 11  9  0]
 [ 6  5  7  8]
 [ 4  3  2  1]]

[[15 14 13 12]
 [10 11  9  8]
 [ 6  5  7  0]
 [ 4  3  2  1]]

[[15 14 13 12]
 [10 11  9  8]
 [ 6  5  0  7]
 [ 4  3  2  1]]

[[15 14 13 12]
 [10 11  9  8]
 [ 6  0  5  7]
 [ 4  3  2  1]]

[[15 14 13 12]
 [10 11  9  8]
 [ 0  6  5  7]
 [ 4  3  2  1]]

[[15 14 13 12]
 [ 0 11  9  8]
 [10  6  5  7]
 [ 4  3  2  1]]

[[15 14 13 12]
 [11  0  9  8]
 [10  6  5  7]
 [ 4  3  2  1]]

[[15 14 13 12]
 [11  9  0  8]
 [10  6  5  7]
 [ 4  3  2  1]]

[[15 14 13 12]
 [11  9  8  0]
 [10  6  5  7]
 [ 4  3  2  1]]

[[15 14 13 12]
 [11  9  8  7]
 [10  6  5  0]
 [ 4  3  2  1]]

[[15 14 13 12]
 [11  9  8  7]
 [10  6  0  5]
 [ 4  3  2  1]]

[[15 14 13 12]
 [11  9  0  7]
 [10  6  8  5]
 [ 4  3  2  1]]

[[15 14 13 12]
 [11  0  9  7]
 [10  6  8  5]
 [ 4  3  2  1]]

[[15 14 13 12]
 [ 0 11  9  7]
 [10  6  8  5]
 [ 4  3  2  1]]

[[15 14 13 12]
 [10 11  9  7]
 [ 0  6  8  5]
 [ 4  3  2  1]]

[[15 14 13 12]
 [10 11  9  7]
 [ 6  0  8  5]
 [ 4  3  2  1]]

[[15 14 13 12]
 [10 11  9  7]
 [ 6  8  0  5]
 [ 4  3  2  1]]

[[15 14 13 12]
 [10 11  9  7]
 [ 6  8  5  0]
 [ 4  3  2  1]]

[[15 14 13 12]
 [10 11  9  0]
 [ 6  8  5  7]
 [ 4  3  2  1]]

[[15 14 13 12]
 [10 11  0  9]
 [ 6  8  5  7]
 [ 4  3  2  1]]

[[15 14 13 12]
 [10  0 11  9]
 [ 6  8  5  7]
 [ 4  3  2  1]]

[[15 14 13 12]
 [10  8 11  9]
 [ 6  0  5  7]
 [ 4  3  2  1]]

[[15 14 13 12]
 [10  8 11  9]
 [ 0  6  5  7]
 [ 4  3  2  1]]

[[15 14 13 12]
 [ 0  8 11  9]
 [10  6  5  7]
 [ 4  3  2  1]]

[[15 14 13 12]
 [ 8  0 11  9]
 [10  6  5  7]
 [ 4  3  2  1]]

[[15 14 13 12]
 [ 8 11  0  9]
 [10  6  5  7]
 [ 4  3  2  1]]

[[15 14 13 12]
 [ 8 11  9  0]
 [10  6  5  7]
 [ 4  3  2  1]]

[[15 14 13 12]
 [ 8 11  9  7]
 [10  6  5  0]
 [ 4  3  2  1]]

[[15 14 13 12]
 [ 8 11  9  7]
 [10  6  0  5]
 [ 4  3  2  1]]

[[15 14 13 12]
 [ 8 11  9  7]
 [10  0  6  5]
 [ 4  3  2  1]]

[[15 14 13 12]
 [ 8 11  9  7]
 [ 0 10  6  5]
 [ 4  3  2  1]]

[[15 14 13 12]
 [ 0 11  9  7]
 [ 8 10  6  5]
 [ 4  3  2  1]]

[[15 14 13 12]
 [11  0  9  7]
 [ 8 10  6  5]
 [ 4  3  2  1]]

[[15 14 13 12]
 [11 10  9  7]
 [ 8  0  6  5]
 [ 4  3  2  1]]

[[15 14 13 12]
 [11 10  9  7]
 [ 0  8  6  5]
 [ 4  3  2  1]]

[[15 14 13 12]
 [ 0 10  9  7]
 [11  8  6  5]
 [ 4  3  2  1]]

[[15 14 13 12]
 [10  0  9  7]
 [11  8  6  5]
 [ 4  3  2  1]]

[[15 14 13 12]
 [10  8  9  7]
 [11  0  6  5]
 [ 4  3  2  1]]

[[15 14 13 12]
 [10  8  9  7]
 [11  6  0  5]
 [ 4  3  2  1]]

[[15 14 13 12]
 [10  8  9  7]
 [11  6  5  0]
 [ 4  3  2  1]]

[[15 14 13 12]
 [10  8  9  0]
 [11  6  5  7]
 [ 4  3  2  1]]

[[15 14 13 12]
 [10  8  0  9]
 [11  6  5  7]
 [ 4  3  2  1]]

[[15 14 13 12]
 [10  0  8  9]
 [11  6  5  7]
 [ 4  3  2  1]]

[[15 14 13 12]
 [ 0 10  8  9]
 [11  6  5  7]
 [ 4  3  2  1]]

[[15 14 13 12]
 [11 10  8  9]
 [ 0  6  5  7]
 [ 4  3  2  1]]

[[15 14 13 12]
 [11 10  8  9]
 [ 6  0  5  7]
 [ 4  3  2  1]]

[[15 14 13 12]
 [11 10  8  9]
 [ 6  5  0  7]
 [ 4  3  2  1]]

[[15 14 13 12]
 [11 10  0  9]
 [ 6  5  8  7]
 [ 4  3  2  1]]

[[15 14 13 12]
 [11 10  9  0]
 [ 6  5  8  7]
 [ 4  3  2  1]]

[[15 14 13 12]
 [11 10  9  7]
 [ 6  5  8  0]
 [ 4  3  2  1]]

[[15 14 13 12]
 [11 10  9  7]
 [ 6  5  0  8]
 [ 4  3  2  1]]

[[15 14 13 12]
 [11 10  9  7]
 [ 6  0  5  8]
 [ 4  3  2  1]]

[[15 14 13 12]
 [11  0  9  7]
 [ 6 10  5  8]
 [ 4  3  2  1]]

[[15 14 13 12]
 [11  9  0  7]
 [ 6 10  5  8]
 [ 4  3  2  1]]

[[15 14 13 12]
 [11  9  7  0]
 [ 6 10  5  8]
 [ 4  3  2  1]]

[[15 14 13 12]
 [11  9  7  8]
 [ 6 10  5  0]
 [ 4  3  2  1]]

[[15 14 13 12]
 [11  9  7  8]
 [ 6 10  0  5]
 [ 4  3  2  1]]

[[15 14 13 12]
 [11  9  0  8]
 [ 6 10  7  5]
 [ 4  3  2  1]]

[[15 14 13 12]
 [11  0  9  8]
 [ 6 10  7  5]
 [ 4  3  2  1]]

[[15 14 13 12]
 [11 10  9  8]
 [ 6  0  7  5]
 [ 4  3  2  1]]

[[15 14 13 12]
 [11 10  9  8]
 [ 6  7  0  5]
 [ 4  3  2  1]]

[[15 14 13 12]
 [11 10  9  8]
 [ 6  7  5  0]
 [ 4  3  2  1]]

[[15 14 13 12]
 [11 10  9  8]
 [ 6  7  5  1]
 [ 4  3  2  0]]

[[15 14 13 12]
 [11 10  9  8]
 [ 6  7  5  1]
 [ 4  3  0  2]]

[[15 14 13 12]
 [11 10  9  8]
 [ 6  7  5  1]
 [ 4  0  3  2]]

[[15 14 13 12]
 [11 10  9  8]
 [ 6  7  5  1]
 [ 0  4  3  2]]

[[15 14 13 12]
 [11 10  9  8]
 [ 0  7  5  1]
 [ 6  4  3  2]]

[[15 14 13 12]
 [11 10  9  8]
 [ 7  0  5  1]
 [ 6  4  3  2]]

[[15 14 13 12]
 [11 10  9  8]
 [ 7  5  0  1]
 [ 6  4  3  2]]

[[15 14 13 12]
 [11 10  9  8]
 [ 7  5  3  1]
 [ 6  4  0  2]]

[[15 14 13 12]
 [11 10  9  8]
 [ 7  5  3  1]
 [ 6  4  2  0]]

[[15 14 13 12]
 [11 10  9  8]
 [ 7  5  3  0]
 [ 6  4  2  1]]

[[15 14 13 12]
 [11 10  9  8]
 [ 7  5  0  3]
 [ 6  4  2  1]]

[[15 14 13 12]
 [11 10  9  8]
 [ 7  0  5  3]
 [ 6  4  2  1]]

[[15 14 13 12]
 [11 10  9  8]
 [ 7  4  5  3]
 [ 6  0  2  1]]

[[15 14 13 12]
 [11 10  9  8]
 [ 7  4  5  3]
 [ 6  2  0  1]]

[[15 14 13 12]
 [11 10  9  8]
 [ 7  4  0  3]
 [ 6  2  5  1]]

[[15 14 13 12]
 [11 10  9  8]
 [ 7  0  4  3]
 [ 6  2  5  1]]

[[15 14 13 12]
 [11 10  9  8]
 [ 0  7  4  3]
 [ 6  2  5  1]]

[[15 14 13 12]
 [11 10  9  8]
 [ 6  7  4  3]
 [ 0  2  5  1]]

[[15 14 13 12]
 [11 10  9  8]
 [ 6  7  4  3]
 [ 2  0  5  1]]

[[15 14 13 12]
 [11 10  9  8]
 [ 6  7  4  3]
 [ 2  5  0  1]]

[[15 14 13 12]
 [11 10  9  8]
 [ 6  7  0  3]
 [ 2  5  4  1]]

[[15 14 13 12]
 [11 10  9  8]
 [ 6  0  7  3]
 [ 2  5  4  1]]

[[15 14 13 12]
 [11 10  9  8]
 [ 6  5  7  3]
 [ 2  0  4  1]]

[[15 14 13 12]
 [11 10  9  8]
 [ 6  5  7  3]
 [ 0  2  4  1]]

[[15 14 13 12]
 [11 10  9  8]
 [ 0  5  7  3]
 [ 6  2  4  1]]

[[15 14 13 12]
 [11 10  9  8]
 [ 5  0  7  3]
 [ 6  2  4  1]]

[[15 14 13 12]
 [11 10  9  8]
 [ 5  7  0  3]
 [ 6  2  4  1]]

[[15 14 13 12]
 [11 10  9  8]
 [ 5  7  4  3]
 [ 6  2  0  1]]

[[15 14 13 12]
 [11 10  9  8]
 [ 5  7  4  3]
 [ 6  0  2  1]]

[[15 14 13 12]
 [11 10  9  8]
 [ 5  7  4  3]
 [ 0  6  2  1]]

[[15 14 13 12]
 [11 10  9  8]
 [ 0  7  4  3]
 [ 5  6  2  1]]

[[15 14 13 12]
 [11 10  9  8]
 [ 7  0  4  3]
 [ 5  6  2  1]]

[[15 14 13 12]
 [11 10  9  8]
 [ 7  6  4  3]
 [ 5  0  2  1]]

[[15 14 13 12]
 [11 10  9  8]
 [ 7  6  4  3]
 [ 5  2  0  1]]

[[15 14 13 12]
 [11 10  9  8]
 [ 7  6  0  3]
 [ 5  2  4  1]]

[[15 14 13 12]
 [11 10  9  8]
 [ 7  0  6  3]
 [ 5  2  4  1]]

[[15 14 13 12]
 [11 10  9  8]
 [ 7  2  6  3]
 [ 5  0  4  1]]

[[15 14 13 12]
 [11 10  9  8]
 [ 7  2  6  3]
 [ 5  4  0  1]]

[[15 14 13 12]
 [11 10  9  8]
 [ 7  2  6  3]
 [ 5  4  1  0]]

[[15 14 13 12]
 [11 10  9  8]
 [ 7  2  6  0]
 [ 5  4  1  3]]

[[15 14 13 12]
 [11 10  9  8]
 [ 7  2  0  6]
 [ 5  4  1  3]]

[[15 14 13 12]
 [11 10  9  8]
 [ 7  0  2  6]
 [ 5  4  1  3]]

[[15 14 13 12]
 [11 10  9  8]
 [ 7  4  2  6]
 [ 5  0  1  3]]

[[15 14 13 12]
 [11 10  9  8]
 [ 7  4  2  6]
 [ 5  1  0  3]]

[[15 14 13 12]
 [11 10  9  8]
 [ 7  4  0  6]
 [ 5  1  2  3]]

[[15 14 13 12]
 [11 10  9  8]
 [ 7  4  6  0]
 [ 5  1  2  3]]

[[15 14 13 12]
 [11 10  9  8]
 [ 7  4  6  3]
 [ 5  1  2  0]]

[[15 14 13 12]
 [11 10  9  8]
 [ 7  4  6  3]
 [ 5  1  0  2]]

[[15 14 13 12]
 [11 10  9  8]
 [ 7  4  6  3]
 [ 5  0  1  2]]

[[15 14 13 12]
 [11 10  9  8]
 [ 7  0  6  3]
 [ 5  4  1  2]]

[[15 14 13 12]
 [11 10  9  8]
 [ 7  6  0  3]
 [ 5  4  1  2]]

[[15 14 13 12]
 [11 10  9  8]
 [ 7  6  3  0]
 [ 5  4  1  2]]

[[15 14 13 12]
 [11 10  9  8]
 [ 7  6  3  2]
 [ 5  4  1  0]]

[[15 14 13 12]
 [11 10  9  8]
 [ 7  6  3  2]
 [ 5  4  0  1]]

[[15 14 13 12]
 [11 10  9  8]
 [ 7  6  0  2]
 [ 5  4  3  1]]

[[15 14 13 12]
 [11 10  9  8]
 [ 7  0  6  2]
 [ 5  4  3  1]]

[[15 14 13 12]
 [11 10  9  8]
 [ 0  7  6  2]
 [ 5  4  3  1]]

[[15 14 13 12]
 [11 10  9  8]
 [ 5  7  6  2]
 [ 0  4  3  1]]

[[15 14 13 12]
 [11 10  9  8]
 [ 5  7  6  2]
 [ 4  0  3  1]]

[[15 14 13 12]
 [11 10  9  8]
 [ 5  7  6  2]
 [ 4  3  0  1]]

[[15 14 13 12]
 [11 10  9  8]
 [ 5  7  6  2]
 [ 4  3  1  0]]

[[15 14 13 12]
 [11 10  9  8]
 [ 5  7  6  0]
 [ 4  3  1  2]]

[[15 14 13 12]
 [11 10  9  8]
 [ 5  7  0  6]
 [ 4  3  1  2]]

[[15 14 13 12]
 [11 10  9  8]
 [ 5  0  7  6]
 [ 4  3  1  2]]

[[15 14 13 12]
 [11 10  9  8]
 [ 0  5  7  6]
 [ 4  3  1  2]]

[[15 14 13 12]
 [11 10  9  8]
 [ 4  5  7  6]
 [ 0  3  1  2]]

[[15 14 13 12]
 [11 10  9  8]
 [ 4  5  7  6]
 [ 3  0  1  2]]

[[15 14 13 12]
 [11 10  9  8]
 [ 4  0  7  6]
 [ 3  5  1  2]]

[[15 14 13 12]
 [11 10  9  8]
 [ 4  7  0  6]
 [ 3  5  1  2]]

[[15 14 13 12]
 [11 10  9  8]
 [ 4  7  6  0]
 [ 3  5  1  2]]

[[15 14 13 12]
 [11 10  9  8]
 [ 4  7  6  2]
 [ 3  5  1  0]]

[[15 14 13 12]
 [11 10  9  8]
 [ 4  7  6  2]
 [ 3  5  0  1]]

[[15 14 13 12]
 [11 10  9  8]
 [ 4  7  6  2]
 [ 3  0  5  1]]

[[15 14 13 12]
 [11 10  9  8]
 [ 4  7  6  2]
 [ 0  3  5  1]]

[[15 14 13 12]
 [11 10  9  8]
 [ 0  7  6  2]
 [ 4  3  5  1]]

[[15 14 13 12]
 [11 10  9  8]
 [ 7  0  6  2]
 [ 4  3  5  1]]

[[15 14 13 12]
 [11 10  9  8]
 [ 7  6  0  2]
 [ 4  3  5  1]]

[[15 14 13 12]
 [11 10  9  8]
 [ 7  6  5  2]
 [ 4  3  0  1]]

[[15 14 13 12]
 [11 10  9  8]
 [ 7  6  5  2]
 [ 4  0  3  1]]

[[15 14 13 12]
 [11 10  9  8]
 [ 7  6  5  2]
 [ 0  4  3  1]]

[[15 14 13 12]
 [11 10  9  8]
 [ 0  6  5  2]
 [ 7  4  3  1]]

[[15 14 13 12]
 [11 10  9  8]
 [ 6  0  5  2]
 [ 7  4  3  1]]

[[15 14 13 12]
 [11 10  9  8]
 [ 6  4  5  2]
 [ 7  0  3  1]]

[[15 14 13 12]
 [11 10  9  8]
 [ 6  4  5  2]
 [ 7  3  0  1]]

[[15 14 13 12]
 [11 10  9  8]
 [ 6  4  5  2]
 [ 7  3  1  0]]

[[15 14 13 12]
 [11 10  9  8]
 [ 6  4  5  0]
 [ 7  3  1  2]]

[[15 14 13 12]
 [11 10  9  8]
 [ 6  4  0  5]
 [ 7  3  1  2]]

[[15 14 13 12]
 [11 10  9  8]
 [ 6  0  4  5]
 [ 7  3  1  2]]

[[15 14 13 12]
 [11 10  9  8]
 [ 0  6  4  5]
 [ 7  3  1  2]]

[[15 14 13 12]
 [11 10  9  8]
 [ 7  6  4  5]
 [ 0  3  1  2]]

[[15 14 13 12]
 [11 10  9  8]
 [ 7  6  4  5]
 [ 3  0  1  2]]

[[15 14 13 12]
 [11 10  9  8]
 [ 7  6  4  5]
 [ 3  1  0  2]]

[[15 14 13 12]
 [11 10  9  8]
 [ 7  6  0  5]
 [ 3  1  4  2]]

[[15 14 13 12]
 [11 10  9  8]
 [ 7  6  5  0]
 [ 3  1  4  2]]

[[15 14 13 12]
 [11 10  9  8]
 [ 7  6  5  2]
 [ 3  1  4  0]]

[[15 14 13 12]
 [11 10  9  8]
 [ 7  6  5  2]
 [ 3  1  0  4]]

[[15 14 13 12]
 [11 10  9  8]
 [ 7  6  5  2]
 [ 3  0  1  4]]

[[15 14 13 12]
 [11 10  9  8]
 [ 7  6  5  2]
 [ 0  3  1  4]]

[[15 14 13 12]
 [11 10  9  8]
 [ 0  6  5  2]
 [ 7  3  1  4]]

[[15 14 13 12]
 [11 10  9  8]
 [ 6  0  5  2]
 [ 7  3  1  4]]

[[15 14 13 12]
 [11 10  9  8]
 [ 6  5  0  2]
 [ 7  3  1  4]]

[[15 14 13 12]
 [11 10  9  8]
 [ 6  5  2  0]
 [ 7  3  1  4]]

[[15 14 13 12]
 [11 10  9  8]
 [ 6  5  2  4]
 [ 7  3  1  0]]

[[15 14 13 12]
 [11 10  9  8]
 [ 6  5  2  4]
 [ 7  3  0  1]]

[[15 14 13 12]
 [11 10  9  8]
 [ 6  5  0  4]
 [ 7  3  2  1]]

[[15 14 13 12]
 [11 10  9  8]
 [ 6  0  5  4]
 [ 7  3  2  1]]

[[15 14 13 12]
 [11 10  9  8]
 [ 0  6  5  4]
 [ 7  3  2  1]]

[[15 14 13 12]
 [11 10  9  8]
 [ 7  6  5  4]
 [ 0  3  2  1]]

[[15 14 13 12]
 [11 10  9  8]
 [ 7  6  5  4]
 [ 3  0  2  1]]

[[15 14 13 12]
 [11 10  9  8]
 [ 7  6  5  4]
 [ 3  2  0  1]]

[[15 14 13 12]
 [11 10  9  8]
 [ 7  6  5  4]
 [ 3  2  1  0]]

